------------------------------------------------------------------------------
|      Name|   Arrival|     Burst|     Start|    Finish|   Waiting|TurnAround|
------------------------------------------------------------------------------
|         2|         7|       234|         7|       241|         0|       234|
|         9|        10|       357|       241|       598|       231|       588|
|        11|        10|       211|       598|       809|       588|       799|
|        15|        14|       422|       809|      1231|       795|      1217|
|        19|        22|       391|      1231|      1622|      1209|      1600|
|         8|        23|       268|      1622|      1890|      1599|      1867|
|         1|        30|       295|      1890|      2185|      1860|      2155|
|         7|        30|        28|      2185|      2213|      2155|      2183|
|        35|        36|       326|      2213|      2539|      2177|      2503|
|        34|        47|       144|      2539|      2683|      2492|      2636|
|        33|        48|       206|      2683|      2889|      2635|      2841|
|        32|        49|       407|      2889|      3296|      2840|      3247|
|        50|        49|        49|      3296|      3345|      3247|      3296|
|        24|        52|       245|      3345|      3590|      3293|      3538|
|         4|        54|       452|      3590|      4042|      3536|      3988|
|        27|        54|        68|      4042|      4110|      3988|      4056|
|        51|        56|       425|      4110|      4535|      4054|      4479|
|        23|        57|       288|      4535|      4823|      4478|      4766|
|        48|        57|        10|      4823|      4833|      4766|      4776|
|        18|        58|       371|      4833|      5204|      4775|      5146|
|        59|        58|       259|      5204|      5463|      5146|      5405|
|        57|        59|        31|      5463|      5494|      5404|      5435|
|        16|        62|       384|      5494|      5878|      5432|      5816|
|        30|        62|       166|      5878|      6044|      5816|      5982|
|        37|        62|        69|      6044|      6113|      5982|      6051|
|        22|        63|        70|      6113|      6183|      6050|      6120|
|        43|        63|       430|      6183|      6613|      6120|      6550|
|        45|        63|       236|      6613|      6849|      6550|      6786|
|         6|        64|       261|      6849|      7110|      6785|      7046|
|        31|        69|       342|      7110|      7452|      7041|      7383|
|        26|        70|       346|      7452|      7798|      7382|      7728|
|        12|        71|       263|      7798|      8061|      7727|      7990|
|        39|        71|       355|      8061|      8416|      7990|      8345|
|        60|        71|       269|      8416|      8685|      8345|      8614|
|        58|        72|       270|      8685|      8955|      8613|      8883|
|        20|        76|       142|      8955|      9097|      8879|      9021|
|        53|        76|       134|      9097|      9231|      9021|      9155|
|         3|        77|       400|      9231|      9631|      9154|      9554|
|        55|        77|       258|      9631|      9889|      9554|      9812|
|        14|        80|       205|      9889|     10094|      9809|     10014|
|        46|        81|       156|     10094|     10250|     10013|     10169|
|        44|        82|       129|     10250|     10379|     10168|     10297|
|        10|        83|       450|     10379|     10829|     10296|     10746|
|        85|        84|       406|     10829|     11235|     10745|     11151|
|        65|        89|       161|     11235|     11396|     11146|     11307|
|        21|        94|       231|     11396|     11627|     11302|     11533|
|        56|        94|       340|     11627|     11967|     11533|     11873|
|        71|        94|        30|     11967|     11997|     11873|     11903|
|        68|        97|       167|     11997|     12164|     11900|     12067|
|        28|        98|       481|     12164|     12645|     12066|     12547|
|        98|        99|       272|     12645|     12917|     12546|     12818|
|        25|       100|       246|     12917|     13163|     12817|     13063|
|       100|       100|        82|     13163|     13245|     13063|     13145|
|        47|       101|       430|     13245|     13675|     13144|     13574|
|       101|       101|       319|     13675|     13994|     13574|     13893|
|        40|       102|        11|     13994|     14005|     13892|     13903|
|         5|       103|       365|     14005|     14370|     13902|     14267|
|        75|       103|       353|     14370|     14723|     14267|     14620|
|        95|       103|       137|     14723|     14860|     14620|     14757|
|        13|       105|       360|     14860|     15220|     14755|     15115|
|       106|       106|        28|     15220|     15248|     15114|     15142|
|        41|       107|        36|     15248|     15284|     15141|     15177|
|        78|       107|        62|     15284|     15346|     15177|     15239|
|        42|       108|       483|     15346|     15829|     15238|     15721|
|        54|       108|       250|     15829|     16079|     15721|     15971|
|        17|       109|       131|     16079|     16210|     15970|     16101|
|       109|       109|       362|     16210|     16572|     16101|     16463|
|        66|       111|       304|     16572|     16876|     16461|     16765|
|        99|       114|       248|     16876|     17124|     16762|     17010|
|        84|       115|       278|     17124|     17402|     17009|     17287|
|        72|       116|       474|     17402|     17876|     17286|     17760|
|        52|       119|       284|     17876|     18160|     17757|     18041|
|        76|       119|       392|     18160|     18552|     18041|     18433|
|        29|       122|        69|     18552|     18621|     18430|     18499|
|        93|       122|       217|     18621|     18838|     18499|     18716|
|        49|       123|       293|     18838|     19131|     18715|     19008|
|        38|       124|       240|     19131|     19371|     19007|     19247|
|       113|       125|       268|     19371|     19639|     19246|     19514|
|        36|       126|       496|     19639|     20135|     19513|     20009|
|       110|       126|       368|     20135|     20503|     20009|     20377|
|       117|       126|       190|     20503|     20693|     20377|     20567|
|       121|       126|       214|     20693|     20907|     20567|     20781|
|       120|       130|       224|     20907|     21131|     20777|     21001|
|        63|       131|       103|     21131|     21234|     21000|     21103|
|        89|       134|       295|     21234|     21529|     21100|     21395|
|       133|       134|       322|     21529|     21851|     21395|     21717|
|        96|       135|       449|     21851|     22300|     21716|     22165|
|       125|       136|       274|     22300|     22574|     22164|     22438|
|       134|       136|        46|     22574|     22620|     22438|     22484|
|        91|       140|        89|     22620|     22709|     22480|     22569|
|       104|       140|       232|     22709|     22941|     22569|     22801|
|       143|       142|       478|     22941|     23419|     22799|     23277|
|        94|       144|       344|     23419|     23763|     23275|     23619|
|        83|       145|       345|     23763|     24108|     23618|     23963|
|       145|       145|        18|     24108|     24126|     23963|     23981|
|        62|       146|       122|     24126|     24248|     23980|     24102|
|        79|       146|       321|     24248|     24569|     24102|     24423|
|        80|       148|       270|     24569|     24839|     24421|     24691|
|       146|       148|       151|     24839|     24990|     24691|     24842|
|        70|       151|       184|     24990|     25174|     24839|     25023|
|        61|       152|       102|     25174|     25276|     25022|     25124|
|        77|       152|       307|     25276|     25583|     25124|     25431|
|        69|       153|       203|     25583|     25786|     25430|     25633|
|       116|       153|       157|     25786|     25943|     25633|     25790|
|       127|       153|       290|     25943|     26233|     25790|     26080|
|        64|       155|       370|     26233|     26603|     26078|     26448|
|        86|       155|       325|     26603|     26928|     26448|     26773|
|        67|       156|       427|     26928|     27355|     26772|     27199|
|        88|       159|       385|     27355|     27740|     27196|     27581|
|        97|       159|       414|     27740|     28154|     27581|     27995|
|       159|       160|        47|     28154|     28201|     27994|     28041|
|       105|       161|         8|     28201|     28209|     28040|     28048|
|       122|       161|       297|     28209|     28506|     28048|     28345|
|       102|       162|       129|     28506|     28635|     28344|     28473|
|       118|       162|       129|     28635|     28764|     28473|     28602|
|       137|       162|       445|     28764|     29209|     28602|     29047|
|       119|       164|       273|     29209|     29482|     29045|     29318|
|       160|       166|       250|     29482|     29732|     29316|     29566|
|       150|       168|       183|     29732|     29915|     29564|     29747|
|        73|       169|       137|     29915|     30052|     29746|     29883|
|        87|       169|       347|     30052|     30399|     29883|     30230|
|       132|       169|        73|     30399|     30472|     30230|     30303|
|       128|       170|       370|     30472|     30842|     30302|     30672|
|       144|       170|       459|     30842|     31301|     30672|     31131|
|        74|       171|       103|     31301|     31404|     31130|     31233|
|        90|       174|       373|     31404|     31777|     31230|     31603|
|       115|       174|       190|     31777|     31967|     31603|     31793|
|        81|       175|       464|     31967|     32431|     31792|     32256|
|        82|       175|       250|     32431|     32681|     32256|     32506|
|       141|       178|       309|     32681|     32990|     32503|     32812|
|       158|       178|       299|     32990|     33289|     32812|     33111|
|       175|       178|        99|     33289|     33388|     33111|     33210|
|       177|       178|        75|     33388|     33463|     33210|     33285|
|       140|       179|       328|     33463|     33791|     33284|     33612|
|       124|       180|       145|     33791|     33936|     33611|     33756|
|       170|       180|       263|     33936|     34199|     33756|     34019|
|       111|       181|        21|     34199|     34220|     34018|     34039|
|       103|       182|       309|     34220|     34529|     34038|     34347|
|       139|       183|       232|     34529|     34761|     34346|     34578|
|       152|       184|       466|     34761|     35227|     34577|     35043|
|        92|       187|       310|     35227|     35537|     35040|     35350|
|       123|       189|       302|     35537|     35839|     35348|     35650|
|       148|       189|       229|     35839|     36068|     35650|     35879|
|       138|       190|       434|     36068|     36502|     35878|     36312|
|       131|       191|       296|     36502|     36798|     36311|     36607|
|       151|       192|        64|     36798|     36862|     36606|     36670|
|       129|       193|       309|     36862|     37171|     36669|     36978|
|       112|       194|       214|     37171|     37385|     36977|     37191|
|       161|       194|       186|     37385|     37571|     37191|     37377|
|       108|       195|       496|     37571|     38067|     37376|     37872|
|       130|       197|       141|     38067|     38208|     37870|     38011|
|       188|       197|       461|     38208|     38669|     38011|     38472|
|       149|       198|       289|     38669|     38958|     38471|     38760|
|       165|       199|        14|     38958|     38972|     38759|     38773|
|       114|       203|       125|     38972|     39097|     38769|     38894|
|       172|       204|       228|     39097|     39325|     38893|     39121|
|       107|       205|       481|     39325|     39806|     39120|     39601|
|       168|       206|       141|     39806|     39947|     39600|     39741|
|       142|       207|       323|     39947|     40270|     39740|     40063|
|       164|       210|        27|     40270|     40297|     40060|     40087|
|       186|       210|       133|     40297|     40430|     40087|     40220|
|       174|       212|        98|     40430|     40528|     40218|     40316|
|       126|       216|       297|     40528|     40825|     40312|     40609|
|       153|       218|       191|     40825|     41016|     40607|     40798|
|       182|       218|        56|     41016|     41072|     40798|     40854|
|       190|       218|        45|     41072|     41117|     40854|     40899|
|       156|       219|       370|     41117|     41487|     40898|     41268|
|       155|       221|       305|     41487|     41792|     41266|     41571|
|       173|       221|       470|     41792|     42262|     41571|     42041|
|       181|       221|       390|     42262|     42652|     42041|     42431|
|       222|       221|       147|     42652|     42799|     42431|     42578|
|       147|       224|       320|     42799|     43119|     42575|     42895|
|       187|       225|       351|     43119|     43470|     42894|     43245|
|       136|       226|        82|     43470|     43552|     43244|     43326|
|       191|       226|       244|     43552|     43796|     43326|     43570|
|       218|       226|       188|     43796|     43984|     43570|     43758|
|       135|       227|       384|     43984|     44368|     43757|     44141|
|       209|       227|       143|     44368|     44511|     44141|     44284|
|       198|       228|       206|     44511|     44717|     44283|     44489|
|       224|       228|       127|     44717|     44844|     44489|     44616|
|       184|       230|       273|     44844|     45117|     44614|     44887|
|       214|       230|        35|     45117|     45152|     44887|     44922|
|       185|       232|       295|     45152|     45447|     44920|     45215|
|       195|       232|       258|     45447|     45705|     45215|     45473|
|       211|       233|       103|     45705|     45808|     45472|     45575|
|       221|       233|       177|     45808|     45985|     45575|     45752|
|       226|       233|       417|     45985|     46402|     45752|     46169|
|       205|       235|        56|     46402|     46458|     46167|     46223|
|       166|       236|       374|     46458|     46832|     46222|     46596|
|       215|       236|       112|     46832|     46944|     46596|     46708|
|       162|       238|       203|     46944|     47147|     46706|     46909|
|       189|       241|       140|     47147|     47287|     46906|     47046|
|       233|       241|        10|     47287|     47297|     47046|     47056|
|       208|       243|       122|     47297|     47419|     47054|     47176|
|       225|       243|       122|     47419|     47541|     47176|     47298|
|       240|       243|       220|     47541|     47761|     47298|     47518|
|       231|       245|       306|     47761|     48067|     47516|     47822|
|       238|       245|       495|     48067|     48562|     47822|     48317|
|       163|       246|        24|     48562|     48586|     48316|     48340|
|       216|       246|       299|     48586|     48885|     48340|     48639|
|       199|       248|        64|     48885|     48949|     48637|     48701|
|       154|       249|       419|     48949|     49368|     48700|     49119|
|       176|       249|       346|     49368|     49714|     49119|     49465|
|       219|       249|       242|     49714|     49956|     49465|     49707|
|       250|       249|       391|     49956|     50347|     49707|     50098|
|       157|       250|       311|     50347|     50658|     50097|     50408|
|       223|       250|       190|     50658|     50848|     50408|     50598|
|       171|       251|       426|     50848|     51274|     50597|     51023|
|       193|       251|       262|     51274|     51536|     51023|     51285|
|       201|       251|        23|     51536|     51559|     51285|     51308|
|       180|       252|       264|     51559|     51823|     51307|     51571|
|       249|       252|        97|     51823|     51920|     51571|     51668|
|       202|       253|        95|     51920|     52015|     51667|     51762|
|       206|       253|       465|     52015|     52480|     51762|     52227|
|       167|       254|       390|     52480|     52870|     52226|     52616|
|       169|       254|       329|     52870|     53199|     52616|     52945|
|       239|       254|       309|     53199|     53508|     52945|     53254|
|       183|       258|       321|     53508|     53829|     53250|     53571|
|       204|       259|       380|     53829|     54209|     53570|     53950|
|       241|       261|        18|     54209|     54227|     53948|     53966|
|       178|       264|       242|     54227|     54469|     53963|     54205|
|       192|       266|       465|     54469|     54934|     54203|     54668|
|       234|       266|       198|     54934|     55132|     54668|     54866|
|       194|       267|        67|     55132|     55199|     54865|     54932|
|       203|       269|       479|     55199|     55678|     54930|     55409|
|       207|       269|       408|     55678|     56086|     55409|     55817|
|       179|       270|        73|     56086|     56159|     55816|     55889|
|       220|       270|        99|     56159|     56258|     55889|     55988|
|       228|       271|       137|     56258|     56395|     55987|     56124|
|       263|       271|       443|     56395|     56838|     56124|     56567|
|       213|       274|       324|     56838|     57162|     56564|     56888|
|       260|       276|       303|     57162|     57465|     56886|     57189|
|       266|       276|        30|     57465|     57495|     57189|     57219|
|       230|       278|       281|     57495|     57776|     57217|     57498|
|       277|       278|        94|     57776|     57870|     57498|     57592|
|       200|       280|       246|     57870|     58116|     57590|     57836|
|       232|       281|       161|     58116|     58277|     57835|     57996|
|       265|       285|       174|     58277|     58451|     57992|     58166|
|       275|       285|         4|     58451|     58455|     58166|     58170|
|       212|       287|       440|     58455|     58895|     58168|     58608|
|       247|       288|       176|     58895|     59071|     58607|     58783|
|       254|       288|       195|     59071|     59266|     58783|     58978|
|       284|       288|       278|     59266|     59544|     58978|     59256|
|       210|       291|       383|     59544|     59927|     59253|     59636|
|       227|       292|       455|     59927|     60382|     59635|     60090|
|       196|       294|       428|     60382|     60810|     60088|     60516|
|       197|       294|        61|     60810|     60871|     60516|     60577|
|       278|       294|       481|     60871|     61352|     60577|     61058|
|       289|       294|        93|     61352|     61445|     61058|     61151|
|       257|       298|       256|     61445|     61701|     61147|     61403|
|       255|       299|       212|     61701|     61913|     61402|     61614|
|       287|       299|       497|     61913|     62410|     61614|     62111|
|       235|       300|       384|     62410|     62794|     62110|     62494|
|       293|       300|       224|     62794|     63018|     62494|     62718|
|       253|       301|       436|     63018|     63454|     62717|     63153|
|       259|       302|       317|     63454|     63771|     63152|     63469|
|       271|       302|       151|     63771|     63922|     63469|     63620|
|       282|       302|        39|     63922|     63961|     63620|     63659|
|       269|       304|       289|     63961|     64250|     63657|     63946|
|       252|       306|       372|     64250|     64622|     63944|     64316|
|       262|       308|       355|     64622|     64977|     64314|     64669|
|       267|       308|       429|     64977|     65406|     64669|     65098|
|       281|       308|       159|     65406|     65565|     65098|     65257|
|       217|       309|        42|     65565|     65607|     65256|     65298|
|       286|       309|       206|     65607|     65813|     65298|     65504|
|       229|       310|       490|     65813|     66303|     65503|     65993|
|       261|       310|       299|     66303|     66602|     65993|     66292|
|       288|       310|       358|     66602|     66960|     66292|     66650|
|       301|       311|       247|     66960|     67207|     66649|     66896|
|       248|       312|       188|     67207|     67395|     66895|     67083|
|       244|       315|       221|     67395|     67616|     67080|     67301|
|       236|       316|       177|     67616|     67793|     67300|     67477|
|       245|       320|       330|     67793|     68123|     67473|     67803|
|       237|       323|       378|     68123|     68501|     67800|     68178|
|       251|       323|       387|     68501|     68888|     68178|     68565|
|       242|       326|        56|     68888|     68944|     68562|     68618|
|       272|       330|       429|     68944|     69373|     68614|     69043|
|       291|       330|        55|     69373|     69428|     69043|     69098|
|       300|       330|       182|     69428|     69610|     69098|     69280|
|       315|       331|       220|     69610|     69830|     69279|     69499|
|       246|       334|       435|     69830|     70265|     69496|     69931|
|       294|       334|       150|     70265|     70415|     69931|     70081|
|       304|       335|       409|     70415|     70824|     70080|     70489|
|       279|       337|         1|     70824|     70825|     70487|     70488|
|       243|       338|       332|     70825|     71157|     70487|     70819|
|       258|       339|       132|     71157|     71289|     70818|     70950|
|       317|       339|       116|     71289|     71405|     70950|     71066|
|       276|       340|       333|     71405|     71738|     71065|     71398|
|       325|       340|       103|     71738|     71841|     71398|     71501|
|       274|       341|        50|     71841|     71891|     71500|     71550|
|       280|       342|       400|     71891|     72291|     71549|     71949|
|       302|       342|       360|     72291|     72651|     71949|     72309|
|       312|       343|       471|     72651|     73122|     72308|     72779|
|       335|       343|       126|     73122|     73248|     72779|     72905|
|       297|       344|       128|     73248|     73376|     72904|     73032|
|       329|       345|       157|     73376|     73533|     73031|     73188|
|       330|       345|       432|     73533|     73965|     73188|     73620|
|       292|       348|        16|     73965|     73981|     73617|     73633|
|       309|       348|       341|     73981|     74322|     73633|     73974|
|       331|       350|       180|     74322|     74502|     73972|     74152|
|       256|       352|       340|     74502|     74842|     74150|     74490|
|       342|       354|       118|     74842|     74960|     74488|     74606|
|       285|       355|       131|     74960|     75091|     74605|     74736|
|       339|       355|       447|     75091|     75538|     74736|     75183|
|       283|       356|        61|     75538|     75599|     75182|     75243|
|       264|       357|        69|     75599|     75668|     75242|     75311|
|       290|       357|       448|     75668|     76116|     75311|     75759|
|       350|       357|       437|     76116|     76553|     75759|     76196|
|       270|       360|       410|     76553|     76963|     76193|     76603|
|       268|       363|        45|     76963|     77008|     76600|     76645|
|       313|       364|        55|     77008|     77063|     76644|     76699|
|       273|       366|       126|     77063|     77189|     76697|     76823|
|       333|       366|       317|     77189|     77506|     76823|     77140|
|       341|       366|       410|     77506|     77916|     77140|     77550|
|       305|       367|       260|     77916|     78176|     77549|     77809|
|       307|       369|       474|     78176|     78650|     77807|     78281|
|       296|       371|       499|     78650|     79149|     78279|     78778|
|       299|       372|       479|     79149|     79628|     78777|     79256|
|       320|       373|       359|     79628|     79987|     79255|     79614|
|       349|       374|       178|     79987|     80165|     79613|     79791|
|       361|       375|        51|     80165|     80216|     79790|     79841|
|       364|       375|       265|     80216|     80481|     79841|     80106|
|       295|       376|       449|     80481|     80930|     80105|     80554|
|       319|       376|       456|     80930|     81386|     80554|     81010|
|       303|       377|       122|     81386|     81508|     81009|     81131|
|       345|       377|       271|     81508|     81779|     81131|     81402|
|       352|       381|       390|     81779|     82169|     81398|     81788|
|       343|       382|       291|     82169|     82460|     81787|     82078|
|       334|       384|       141|     82460|     82601|     82076|     82217|
|       336|       384|        84|     82601|     82685|     82217|     82301|
|       311|       388|       301|     82685|     82986|     82297|     82598|
|       383|       388|        45|     82986|     83031|     82598|     82643|
|       308|       389|       120|     83031|     83151|     82642|     82762|
|       328|       389|       459|     83151|     83610|     82762|     83221|
|       310|       391|       373|     83610|     83983|     83219|     83592|
|       323|       391|       238|     83983|     84221|     83592|     83830|
|       367|       391|       285|     84221|     84506|     83830|     84115|
|       298|       394|       164|     84506|     84670|     84112|     84276|
|       338|       394|        20|     84670|     84690|     84276|     84296|
|       322|       398|        70|     84690|     84760|     84292|     84362|
|       372|       398|       101|     84760|     84861|     84362|     84463|
|       337|       399|        52|     84861|     84913|     84462|     84514|
|       378|       399|       174|     84913|     85087|     84514|     84688|
|       388|       399|        91|     85087|     85178|     84688|     84779|
|       392|       399|        81|     85178|     85259|     84779|     84860|
|       316|       400|       310|     85259|     85569|     84859|     85169|
|       369|       400|       403|     85569|     85972|     85169|     85572|
|       385|       400|       453|     85972|     86425|     85572|     86025|
|       306|       402|       306|     86425|     86731|     86023|     86329|
|       327|       402|       327|     86731|     87058|     86329|     86656|
|       340|       402|       115|     87058|     87173|     86656|     86771|
|       346|       402|       124|     87173|     87297|     86771|     86895|
|       353|       405|       488|     87297|     87785|     86892|     87380|
|       365|       405|       469|     87785|     88254|     87380|     87849|
|       371|       406|       242|     88254|     88496|     87848|     88090|
|       376|       407|       273|     88496|     88769|     88089|     88362|
|       314|       408|       170|     88769|     88939|     88361|     88531|
|       321|       410|       318|     88939|     89257|     88529|     88847|
|       348|       410|       296|     89257|     89553|     88847|     89143|
|       370|       411|        52|     89553|     89605|     89142|     89194|
|       344|       413|       231|     89605|     89836|     89192|     89423|
|       379|       414|       397|     89836|     90233|     89422|     89819|
|       404|       414|       107|     90233|     90340|     89819|     89926|
|       318|       416|       450|     90340|     90790|     89924|     90374|
|       324|       416|        15|     90790|     90805|     90374|     90389|
|       359|       416|       309|     90805|     91114|     90389|     90698|
|       363|       418|       347|     91114|     91461|     90696|     91043|
|       402|       419|       298|     91461|     91759|     91042|     91340|
|       351|       420|       233|     91759|     91992|     91339|     91572|
|       326|       422|       495|     91992|     92487|     91570|     92065|
|       362|       422|       208|     92487|     92695|     92065|     92273|
|       360|       423|       380|     92695|     93075|     92272|     92652|
|       415|       423|        22|     93075|     93097|     92652|     92674|
|       354|       424|       126|     93097|     93223|     92673|     92799|
|       332|       425|       336|     93223|     93559|     92798|     93134|
|       373|       427|       166|     93559|     93725|     93132|     93298|
|       410|       427|       286|     93725|     94011|     93298|     93584|
|       355|       428|       298|     94011|     94309|     93583|     93881|
|       403|       428|       261|     94309|     94570|     93881|     94142|
|       413|       432|       421|     94570|     94991|     94138|     94559|
|       398|       433|        90|     94991|     95081|     94558|     94648|
|       347|       434|       219|     95081|     95300|     94647|     94866|
|       382|       436|       173|     95300|     95473|     94864|     95037|
|       411|       437|        25|     95473|     95498|     95036|     95061|
|       432|       438|        31|     95498|     95529|     95060|     95091|
|       400|       439|        83|     95529|     95612|     95090|     95173|
|       401|       439|       347|     95612|     95959|     95173|     95520|
|       425|       441|       248|     95959|     96207|     95518|     95766|
|       435|       441|       213|     96207|     96420|     95766|     95979|
|       399|       443|       389|     96420|     96809|     95977|     96366|
|       357|       444|       345|     96809|     97154|     96365|     96710|
|       356|       445|       329|     97154|     97483|     96709|     97038|
|       366|       445|       320|     97483|     97803|     97038|     97358|
|       387|       445|        11|     97803|     97814|     97358|     97369|
|       358|       447|        94|     97814|     97908|     97367|     97461|
|       420|       447|       281|     97908|     98189|     97461|     97742|
|       394|       449|       111|     98189|     98300|     97740|     97851|
|       409|       450|       153|     98300|     98453|     97850|     98003|
|       440|       450|       205|     98453|     98658|     98003|     98208|
|       397|       453|       220|     98658|     98878|     98205|     98425|
|       442|       453|       377|     98878|     99255|     98425|     98802|
|       396|       454|       250|     99255|     99505|     98801|     99051|
|       429|       454|       494|     99505|     99999|     99051|     99545|
|       389|       455|       334|     99999|    100333|     99544|     99878|
|       374|       456|       208|    100333|    100541|     99877|    100085|
|       368|       457|       210|    100541|    100751|    100084|    100294|
|       406|       459|       127|    100751|    100878|    100292|    100419|
|       375|       460|       283|    100878|    101161|    100418|    100701|
|       380|       463|       479|    101161|    101640|    100698|    101177|
|       377|       464|       365|    101640|    102005|    101176|    101541|
|       422|       464|       208|    102005|    102213|    101541|    101749|
|       456|       464|       453|    102213|    102666|    101749|    102202|
|       381|       465|       114|    102666|    102780|    102201|    102315|
|       433|       465|       129|    102780|    102909|    102315|    102444|
|       438|       465|       132|    102909|    103041|    102444|    102576|
|       450|       465|       305|    103041|    103346|    102576|    102881|
|       395|       467|       374|    103346|    103720|    102879|    103253|
|       466|       468|       200|    103720|    103920|    103252|    103452|
|       384|       471|       417|    103920|    104337|    103449|    103866|
|       471|       471|       292|    104337|    104629|    103866|    104158|
|       405|       475|       177|    104629|    104806|    104154|    104331|
|       449|       476|        19|    104806|    104825|    104330|    104349|
|       416|       479|       147|    104825|    104972|    104346|    104493|
|       408|       481|       378|    104972|    105350|    104491|    104869|
|       445|       481|       105|    105350|    105455|    104869|    104974|
|       386|       482|        16|    105455|    105471|    104973|    104989|
|       391|       484|       146|    105471|    105617|    104987|    105133|
|       426|       485|       434|    105617|    106051|    105132|    105566|
|       454|       485|       124|    106051|    106175|    105566|    105690|
|       390|       486|        51|    106175|    106226|    105689|    105740|
|       412|       487|        87|    106226|    106313|    105739|    105826|
|       431|       487|       360|    106313|    106673|    105826|    106186|
|       393|       488|        42|    106673|    106715|    106185|    106227|
|       418|       488|       388|    106715|    107103|    106227|    106615|
|       423|       488|       336|    107103|    107439|    106615|    106951|
|       458|       488|       265|    107439|    107704|    106951|    107216|
|       424|       489|        84|    107704|    107788|    107215|    107299|
|       430|       489|       326|    107788|    108114|    107299|    107625|
|       480|       489|       351|    108114|    108465|    107625|    107976|
|       482|       489|       362|    108465|    108827|    107976|    108338|
|       483|       490|        54|    108827|    108881|    108337|    108391|
|       414|       491|        12|    108881|    108893|    108390|    108402|
|       421|       491|       276|    108893|    109169|    108402|    108678|
|       493|       492|       233|    109169|    109402|    108677|    108910|
|       407|       494|        14|    109402|    109416|    108908|    108922|
|       452|       494|        28|    109416|    109444|    108922|    108950|
|       486|       495|       254|    109444|    109698|    108949|    109203|
|       441|       497|       421|    109698|    110119|    109201|    109622|
|       453|       499|       400|    110119|    110519|    109620|    110020|
|       464|       501|       109|    110519|    110628|    110018|    110127|
|       427|       502|       203|    110628|    110831|    110126|    110329|
|       417|       503|       121|    110831|    110952|    110328|    110449|
|       461|       504|       101|    110952|    111053|    110448|    110549|
|       484|       505|       210|    111053|    111263|    110548|    110758|
|       492|       506|       132|    111263|    111395|    110757|    110889|
|       428|       507|       144|    111395|    111539|    110888|    111032|
|       434|       508|       410|    111539|    111949|    111031|    111441|
|       436|       508|       414|    111949|    112363|    111441|    111855|
|       437|       509|       175|    112363|    112538|    111854|    112029|
|       439|       509|        88|    112538|    112626|    112029|    112117|
|       478|       510|       366|    112626|    112992|    112116|    112482|
|       490|       513|       419|    112992|    113411|    112479|    112898|
|       419|       514|       326|    113411|    113737|    112897|    113223|
|       444|       514|       380|    113737|    114117|    113223|    113603|
|       447|       514|       491|    114117|    114608|    113603|    114094|
|       473|       515|         7|    114608|    114615|    114093|    114100|
|       495|       515|       419|    114615|    115034|    114100|    114519|
|       470|       518|       398|    115034|    115432|    114516|    114914|
|       479|       518|       394|    115432|    115826|    114914|    115308|
|       508|       521|       110|    115826|    115936|    115305|    115415|
|       477|       522|       141|    115936|    116077|    115414|    115555|
|       455|       523|       153|    116077|    116230|    115554|    115707|
|       515|       525|       126|    116230|    116356|    115705|    115831|
|       451|       526|       195|    116356|    116551|    115830|    116025|
|       497|       526|       459|    116551|    117010|    116025|    116484|
|       504|       527|       483|    117010|    117493|    116483|    116966|
|       465|       528|       392|    117493|    117885|    116965|    117357|
|       462|       530|        71|    117885|    117956|    117355|    117426|
|       519|       530|       438|    117956|    118394|    117426|    117864|
|       523|       530|        77|    118394|    118471|    117864|    117941|
|       511|       531|       212|    118471|    118683|    117940|    118152|
|       468|       532|       158|    118683|    118841|    118151|    118309|
|       472|       532|       351|    118841|    119192|    118309|    118660|
|       512|       532|       272|    119192|    119464|    118660|    118932|
|       499|       534|        46|    119464|    119510|    118930|    118976|
|       500|       534|        88|    119510|    119598|    118976|    119064|
|       460|       535|       120|    119598|    119718|    119063|    119183|
|       524|       536|       335|    119718|    120053|    119182|    119517|
|       443|       537|       196|    120053|    120249|    119516|    119712|
|       513|       537|       317|    120249|    120566|    119712|    120029|
|       448|       539|       246|    120566|    120812|    120027|    120273|
|       459|       539|        11|    120812|    120823|    120273|    120284|
|       530|       539|       104|    120823|    120927|    120284|    120388|
|       446|       541|       107|    120927|    121034|    120386|    120493|
|       538|       541|       454|    121034|    121488|    120493|    120947|
|       457|       543|       144|    121488|    121632|    120945|    121089|
|       485|       543|       120|    121632|    121752|    121089|    121209|
|       496|       545|       125|    121752|    121877|    121207|    121332|
|       501|       545|       436|    121877|    122313|    121332|    121768|
|       463|       546|        74|    122313|    122387|    121767|    121841|
|       476|       546|       377|    122387|    122764|    121841|    122218|
|       481|       547|       327|    122764|    123091|    122217|    122544|
|       522|       547|        68|    123091|    123159|    122544|    122612|
|       541|       548|       150|    123159|    123309|    122611|    122761|
|       487|       549|       416|    123309|    123725|    122760|    123176|
|       475|       551|         9|    123725|    123734|    123174|    123183|
|       520|       551|       481|    123734|    124215|    123183|    123664|
|       535|       554|        18|    124215|    124233|    123661|    123679|
|       474|       555|       427|    124233|    124660|    123678|    124105|
|       514|       557|       245|    124660|    124905|    124103|    124348|
|       517|       557|       103|    124905|    125008|    124348|    124451|
|       467|       558|       295|    125008|    125303|    124450|    124745|
|       488|       558|       474|    125303|    125777|    124745|    125219|
|       489|       562|       111|    125777|    125888|    125215|    125326|
|       521|       562|       389|    125888|    126277|    125326|    125715|
|       505|       564|       416|    126277|    126693|    125713|    126129|
|       516|       564|       223|    126693|    126916|    126129|    126352|
|       469|       565|        42|    126916|    126958|    126351|    126393|
|       509|       566|       477|    126958|    127435|    126392|    126869|
|       556|       569|       100|    127435|    127535|    126866|    126966|
|       503|       572|       302|    127535|    127837|    126963|    127265|
|       539|       572|       178|    127837|    128015|    127265|    127443|
|       568|       572|       312|    128015|    128327|    127443|    127755|
|       527|       576|       238|    128327|    128565|    127751|    127989|
|       542|       577|       281|    128565|    128846|    127988|    128269|
|       507|       578|       422|    128846|    129268|    128268|    128690|
|       558|       578|       425|    129268|    129693|    128690|    129115|
|       565|       578|       266|    129693|    129959|    129115|    129381|
|       546|       580|       442|    129959|    130401|    129379|    129821|
|       494|       581|       302|    130401|    130703|    129820|    130122|
|       544|       581|        49|    130703|    130752|    130122|    130171|
|       575|       583|       180|    130752|    130932|    130169|    130349|
|       525|       584|        28|    130932|    130960|    130348|    130376|
|       510|       585|        25|    130960|    130985|    130375|    130400|
|       502|       586|       143|    130985|    131128|    130399|    130542|
|       587|       586|        54|    131128|    131182|    130542|    130596|
|       491|       588|       302|    131182|    131484|    130594|    130896|
|       498|       591|        91|    131484|    131575|    130893|    130984|
|       557|       592|       234|    131575|    131809|    130983|    131217|
|       554|       593|       281|    131809|    132090|    131216|    131497|
|       553|       595|         4|    132090|    132094|    131495|    131499|
|       506|       597|       306|    132094|    132400|    131497|    131803|
|       569|       598|       377|    132400|    132777|    131802|    132179|
|       532|       600|       323|    132777|    133100|    132177|    132500|
|       534|       601|       234|    133100|    133334|    132499|    132733|
|       518|       607|        67|    133334|    133401|    132727|    132794|
|       533|       607|       412|    133401|    133813|    132794|    133206|
|       578|       607|       222|    133813|    134035|    133206|    133428|
|       526|       608|       320|    134035|    134355|    133427|    133747|
|       548|       609|       420|    134355|    134775|    133746|    134166|
|       566|       610|       376|    134775|    135151|    134165|    134541|
|       545|       611|       355|    135151|    135506|    134540|    134895|
|       547|       611|       309|    135506|    135815|    134895|    135204|
|       599|       611|       417|    135815|    136232|    135204|    135621|
|       593|       612|       172|    136232|    136404|    135620|    135792|
|       528|       613|       446|    136404|    136850|    135791|    136237|
|       536|       615|       162|    136850|    137012|    136235|    136397|
|       591|       615|         3|    137012|    137015|    136397|    136400|
|       537|       616|       466|    137015|    137481|    136399|    136865|
|       564|       617|       191|    137481|    137672|    136864|    137055|
|       531|       621|       157|    137672|    137829|    137051|    137208|
|       549|       621|         8|    137829|    137837|    137208|    137216|
|       560|       621|       166|    137837|    138003|    137216|    137382|
|       584|       622|         7|    138003|    138010|    137381|    137388|
|       529|       625|       438|    138010|    138448|    137385|    137823|
|       540|       626|        27|    138448|    138475|    137822|    137849|
|       572|       627|        19|    138475|    138494|    137848|    137867|
|       579|       627|       236|    138494|    138730|    137867|    138103|
|       561|       630|        22|    138730|    138752|    138100|    138122|
|       576|       632|       499|    138752|    139251|    138120|    138619|
|       550|       634|       432|    139251|    139683|    138617|    139049|
|       627|       635|       413|    139683|    140096|    139048|    139461|
|       597|       636|       419|    140096|    140515|    139460|    139879|
|       630|       636|       171|    140515|    140686|    139879|    140050|
|       586|       637|       289|    140686|    140975|    140049|    140338|
|       610|       637|       274|    140975|    141249|    140338|    140612|
|       617|       637|       126|    141249|    141375|    140612|    140738|
|       551|       638|       132|    141375|    141507|    140737|    140869|
|       588|       638|       176|    141507|    141683|    140869|    141045|
|       615|       638|        34|    141683|    141717|    141045|    141079|
|       562|       639|       493|    141717|    142210|    141078|    141571|
|       552|       640|       448|    142210|    142658|    141570|    142018|
|       595|       640|       372|    142658|    143030|    142018|    142390|
|       543|       641|       187|    143030|    143217|    142389|    142576|
|       555|       641|       329|    143217|    143546|    142576|    142905|
|       563|       641|       353|    143546|    143899|    142905|    143258|
|       571|       641|        72|    143899|    143971|    143258|    143330|
|       633|       641|       448|    143971|    144419|    143330|    143778|
|       577|       643|        78|    144419|    144497|    143776|    143854|
|       611|       643|        25|    144497|    144522|    143854|    143879|
|       629|       643|        31|    144522|    144553|    143879|    143910|
|       589|       644|       200|    144553|    144753|    143909|    144109|
|       605|       644|       336|    144753|    145089|    144109|    144445|
|       559|       645|        83|    145089|    145172|    144444|    144527|
|       585|       645|       215|    145172|    145387|    144527|    144742|
|       590|       645|       372|    145387|    145759|    144742|    145114|
|       570|       646|       492|    145759|    146251|    145113|    145605|
|       602|       646|       102|    146251|    146353|    145605|    145707|
|       638|       646|       460|    146353|    146813|    145707|    146167|
|       650|       649|       341|    146813|    147154|    146164|    146505|
|       567|       650|       130|    147154|    147284|    146504|    146634|
|       573|       650|        46|    147284|    147330|    146634|    146680|
|       574|       651|       469|    147330|    147799|    146679|    147148|
|       619|       653|       213|    147799|    148012|    147146|    147359|
|       583|       654|       272|    148012|    148284|    147358|    147630|
|       645|       655|       165|    148284|    148449|    147629|    147794|
|       580|       660|       132|    148449|    148581|    147789|    147921|
|       604|       661|       269|    148581|    148850|    147920|    148189|
|       582|       662|       366|    148850|    149216|    148188|    148554|
|       655|       662|       369|    149216|    149585|    148554|    148923|
|       613|       663|        85|    149585|    149670|    148922|    149007|
|       581|       664|       101|    149670|    149771|    149006|    149107|
|       621|       666|       369|    149771|    150140|    149105|    149474|
|       614|       668|       149|    150140|    150289|    149472|    149621|
|       622|       668|       187|    150289|    150476|    149621|    149808|
|       628|       669|        91|    150476|    150567|    149807|    149898|
|       592|       670|       358|    150567|    150925|    149897|    150255|
|       609|       670|       371|    150925|    151296|    150255|    150626|
|       603|       671|       186|    151296|    151482|    150625|    150811|
|       656|       674|        79|    151482|    151561|    150808|    150887|
|       666|       674|       156|    151561|    151717|    150887|    151043|
|       646|       675|       118|    151717|    151835|    151042|    151160|
|       654|       675|        97|    151835|    151932|    151160|    151257|
|       624|       677|       271|    151932|    152203|    151255|    151526|
|       682|       681|       457|    152203|    152660|    151522|    151979|
|       648|       682|        67|    152660|    152727|    151978|    152045|
|       616|       683|       225|    152727|    152952|    152044|    152269|
|       612|       684|       358|    152952|    153310|    152268|    152626|
|       634|       684|       149|    153310|    153459|    152626|    152775|
|       600|       685|       179|    153459|    153638|    152774|    152953|
|       598|       686|        54|    153638|    153692|    152952|    153006|
|       608|       687|       409|    153692|    154101|    153005|    153414|
|       594|       691|       456|    154101|    154557|    153410|    153866|
|       680|       691|       404|    154557|    154961|    153866|    154270|
|       674|       692|       171|    154961|    155132|    154269|    154440|
|       596|       693|        29|    155132|    155161|    154439|    154468|
|       677|       693|       350|    155161|    155511|    154468|    154818|
|       607|       694|       390|    155511|    155901|    154817|    155207|
|       637|       696|       377|    155901|    156278|    155205|    155582|
|       601|       697|        13|    156278|    156291|    155581|    155594|
|       667|       697|       499|    156291|    156790|    155594|    156093|
|       643|       698|       181|    156790|    156971|    156092|    156273|
|       644|       698|       236|    156971|    157207|    156273|    156509|
|       606|       699|       425|    157207|    157632|    156508|    156933|
|       632|       699|       471|    157632|    158103|    156933|    157404|
|       659|       699|        32|    158103|    158135|    157404|    157436|
|       664|       699|        71|    158135|    158206|    157436|    157507|
|       702|       702|       120|    158206|    158326|    157504|    157624|
|       618|       704|       130|    158326|    158456|    157622|    157752|
|       640|       705|       321|    158456|    158777|    157751|    158072|
|       700|       705|       100|    158777|    158877|    158072|    158172|
|       626|       707|       354|    158877|    159231|    158170|    158524|
|       636|       707|       496|    159231|    159727|    158524|    159020|
|       678|       708|        87|    159727|    159814|    159019|    159106|
|       703|       708|       265|    159814|    160079|    159106|    159371|
|       635|       709|       110|    160079|    160189|    159370|    159480|
|       705|       710|       285|    160189|    160474|    159479|    159764|
|       620|       711|       188|    160474|    160662|    159763|    159951|
|       692|       713|        75|    160662|    160737|    159949|    160024|
|       625|       714|       354|    160737|    161091|    160023|    160377|
|       660|       714|        86|    161091|    161177|    160377|    160463|
|       698|       714|       487|    161177|    161664|    160463|    160950|
|       699|       714|       288|    161664|    161952|    160950|    161238|
|       658|       715|       414|    161952|    162366|    161237|    161651|
|       663|       715|       243|    162366|    162609|    161651|    161894|
|       651|       716|       115|    162609|    162724|    161893|    162008|
|       623|       719|       256|    162724|    162980|    162005|    162261|
|       631|       720|       249|    162980|    163229|    162260|    162509|
|       653|       720|       219|    163229|    163448|    162509|    162728|
|       662|       721|       462|    163448|    163910|    162727|    163189|
|       686|       721|       259|    163910|    164169|    163189|    163448|
|       689|       722|       227|    164169|    164396|    163447|    163674|
|       642|       723|       376|    164396|    164772|    163673|    164049|
|       717|       723|       459|    164772|    165231|    164049|    164508|
|       681|       725|       153|    165231|    165384|    164506|    164659|
|       652|       728|       186|    165384|    165570|    164656|    164842|
|       639|       729|        74|    165570|    165644|    164841|    164915|
|       673|       730|       425|    165644|    166069|    164914|    165339|
|       726|       731|       416|    166069|    166485|    165338|    165754|
|       694|       732|         8|    166485|    166493|    165753|    165761|
|       690|       734|       104|    166493|    166597|    165759|    165863|
|       716|       734|       389|    166597|    166986|    165863|    166252|
|       720|       734|       135|    166986|    167121|    166252|    166387|
|       649|       735|       302|    167121|    167423|    166386|    166688|
|       647|       736|       154|    167423|    167577|    166687|    166841|
|       695|       736|       239|    167577|    167816|    166841|    167080|
|       685|       737|        81|    167816|    167897|    167079|    167160|
|       734|       737|       339|    167897|    168236|    167160|    167499|
|       641|       739|       144|    168236|    168380|    167497|    167641|
|       670|       740|       242|    168380|    168622|    167640|    167882|
|       676|       742|       220|    168622|    168842|    167880|    168100|
|       672|       743|        79|    168842|    168921|    168099|    168178|
|       683|       743|       167|    168921|    169088|    168178|    168345|
|       724|       743|       274|    169088|    169362|    168345|    168619|
|       657|       745|       169|    169362|    169531|    168617|    168786|
|       711|       748|       458|    169531|    169989|    168783|    169241|
|       722|       748|       364|    169989|    170353|    169241|    169605|
|       738|       748|       302|    170353|    170655|    169605|    169907|
|       687|       749|       334|    170655|    170989|    169906|    170240|
|       709|       749|       255|    170989|    171244|    170240|    170495|
|       669|       750|        84|    171244|    171328|    170494|    170578|
|       730|       750|        34|    171328|    171362|    170578|    170612|
|       707|       751|       497|    171362|    171859|    170611|    171108|
|       737|       751|       147|    171859|    172006|    171108|    171255|
|       749|       751|       447|    172006|    172453|    171255|    171702|
|       661|       754|        85|    172453|    172538|    171699|    171784|
|       665|       754|       303|    172538|    172841|    171784|    172087|
|       706|       755|       373|    172841|    173214|    172086|    172459|
|       679|       756|       165|    173214|    173379|    172458|    172623|
|       675|       759|       494|    173379|    173873|    172620|    173114|
|       733|       759|       497|    173873|    174370|    173114|    173611|
|       696|       761|       389|    174370|    174759|    173609|    173998|
|       710|       761|       245|    174759|    175004|    173998|    174243|
|       668|       762|       312|    175004|    175316|    174242|    174554|
|       731|       762|       301|    175316|    175617|    174554|    174855|
|       671|       763|        71|    175617|    175688|    174854|    174925|
|       721|       763|       350|    175688|    176038|    174925|    175275|
|       753|       763|       389|    176038|    176427|    175275|    175664|
|       740|       764|       298|    176427|    176725|    175663|    175961|
|       735|       766|       263|    176725|    176988|    175959|    176222|
|       754|       769|       114|    176988|    177102|    176219|    176333|
|       760|       770|       121|    177102|    177223|    176332|    176453|
|       714|       771|       123|    177223|    177346|    176452|    176575|
|       704|       773|       233|    177346|    177579|    176573|    176806|
|       739|       773|        63|    177579|    177642|    176806|    176869|
|       691|       774|       244|    177642|    177886|    176868|    177112|
|       758|       774|       419|    177886|    178305|    177112|    177531|
|       713|       775|       402|    178305|    178707|    177530|    177932|
|       764|       775|       164|    178707|    178871|    177932|    178096|
|       761|       776|       344|    178871|    179215|    178095|    178439|
|       688|       777|       347|    179215|    179562|    178438|    178785|
|       728|       777|       226|    179562|    179788|    178785|    179011|
|       752|       777|       181|    179788|    179969|    179011|    179192|
|       773|       778|       447|    179969|    180416|    179191|    179638|
|       718|       779|       259|    180416|    180675|    179637|    179896|
|       708|       781|       235|    180675|    180910|    179894|    180129|
|       684|       782|       114|    180910|    181024|    180128|    180242|
|       697|       782|       174|    181024|    181198|    180242|    180416|
|       693|       787|       204|    181198|    181402|    180411|    180615|
|       786|       787|       155|    181402|    181557|    180615|    180770|
|       762|       788|       437|    181557|    181994|    180769|    181206|
|       732|       789|       293|    181994|    182287|    181205|    181498|
|       744|       789|       404|    182287|    182691|    181498|    181902|
|       701|       791|       111|    182691|    182802|    181900|    182011|
|       784|       792|        40|    182802|    182842|    182010|    182050|
|       783|       793|       376|    182842|    183218|    182049|    182425|
|       715|       794|       428|    183218|    183646|    182424|    182852|
|       736|       794|       296|    183646|    183942|    182852|    183148|
|       759|       794|       331|    183942|    184273|    183148|    183479|
|       742|       795|       130|    184273|    184403|    183478|    183608|
|       723|       796|       177|    184403|    184580|    183607|    183784|
|       725|       799|       256|    184580|    184836|    183781|    184037|
|       729|       801|       328|    184836|    185164|    184035|    184363|
|       774|       802|       124|    185164|    185288|    184362|    184486|
|       719|       803|       276|    185288|    185564|    184485|    184761|
|       790|       804|       269|    185564|    185833|    184760|    185029|
|       788|       805|       227|    185833|    186060|    185028|    185255|
|       770|       807|       145|    186060|    186205|    185253|    185398|
|       712|       809|       381|    186205|    186586|    185396|    185777|
|       769|       809|       356|    186586|    186942|    185777|    186133|
|       777|       809|       314|    186942|    187256|    186133|    186447|
|       747|       810|       276|    187256|    187532|    186446|    186722|
|       763|       810|       366|    187532|    187898|    186722|    187088|
|       800|       810|       413|    187898|    188311|    187088|    187501|
|       767|       811|       322|    188311|    188633|    187500|    187822|
|       727|       812|       169|    188633|    188802|    187821|    187990|
|       751|       813|        62|    188802|    188864|    187989|    188051|
|       765|       817|         6|    188864|    188870|    188047|    188053|
|       817|       817|        31|    188870|    188901|    188053|    188084|
|       748|       818|       371|    188901|    189272|    188083|    188454|
|       772|       818|       433|    189272|    189705|    188454|    188887|
|       798|       819|       195|    189705|    189900|    188886|    189081|
|       792|       820|       408|    189900|    190308|    189080|    189488|
|       768|       821|       109|    190308|    190417|    189487|    189596|
|       771|       821|       109|    190417|    190526|    189596|    189705|
|       797|       824|        88|    190526|    190614|    189702|    189790|
|       814|       825|       176|    190614|    190790|    189789|    189965|
|       794|       827|       180|    190790|    190970|    189963|    190143|
|       824|       829|       160|    190970|    191130|    190141|    190301|
|       789|       830|        13|    191130|    191143|    190300|    190313|
|       745|       832|       266|    191143|    191409|    190311|    190577|
|       791|       832|        31|    191409|    191440|    190577|    190608|
|       757|       833|       167|    191440|    191607|    190607|    190774|
|       780|       833|       122|    191607|    191729|    190774|    190896|
|       829|       833|       344|    191729|    192073|    190896|    191240|
|       815|       834|        78|    192073|    192151|    191239|    191317|
|       746|       835|       379|    192151|    192530|    191316|    191695|
|       796|       836|         8|    192530|    192538|    191694|    191702|
|       801|       836|       484|    192538|    193022|    191702|    192186|
|       812|       836|        58|    193022|    193080|    192186|    192244|
|       806|       838|       224|    193080|    193304|    192242|    192466|
|       816|       838|        34|    193304|    193338|    192466|    192500|
|       741|       839|       495|    193338|    193833|    192499|    192994|
|       743|       840|       180|    193833|    194013|    192993|    193173|
|       750|       840|       191|    194013|    194204|    193173|    193364|
|       778|       841|       198|    194204|    194402|    193363|    193561|
|       819|       841|       495|    194402|    194897|    193561|    194056|
|       820|       842|       307|    194897|    195204|    194055|    194362|
|       782|       846|       356|    195204|    195560|    194358|    194714|
|       779|       848|       299|    195560|    195859|    194712|    195011|
|       755|       849|       468|    195859|    196327|    195010|    195478|
|       756|       849|       426|    196327|    196753|    195478|    195904|
|       795|       849|        50|    196753|    196803|    195904|    195954|
|       793|       851|        89|    196803|    196892|    195952|    196041|
|       818|       851|       384|    196892|    197276|    196041|    196425|
|       845|       851|       292|    197276|    197568|    196425|    196717|
|       847|       851|        37|    197568|    197605|    196717|    196754|
|       813|       853|       413|    197605|    198018|    196752|    197165|
|       837|       854|       426|    198018|    198444|    197164|    197590|
|       766|       855|       478|    198444|    198922|    197589|    198067|
|       776|       855|       404|    198922|    199326|    198067|    198471|
|       805|       855|       167|    199326|    199493|    198471|    198638|
|       841|       855|       449|    199493|    199942|    198638|    199087|
|       840|       856|       127|    199942|    200069|    199086|    199213|
|       852|       857|        20|    200069|    200089|    199212|    199232|
|       775|       859|       411|    200089|    200500|    199230|    199641|
|       807|       860|        68|    200500|    200568|    199640|    199708|
|       821|       864|       484|    200568|    201052|    199704|    200188|
|       825|       864|       115|    201052|    201167|    200188|    200303|
|       787|       865|       101|    201167|    201268|    200302|    200403|
|       854|       865|        13|    201268|    201281|    200403|    200416|
|       785|       866|       329|    201281|    201610|    200415|    200744|
|       858|       868|        72|    201610|    201682|    200742|    200814|
|       811|       869|       443|    201682|    202125|    200813|    201256|
|       809|       870|       165|    202125|    202290|    201255|    201420|
|       810|       871|       231|    202290|    202521|    201419|    201650|
|       831|       873|       407|    202521|    202928|    201648|    202055|
|       866|       873|       380|    202928|    203308|    202055|    202435|
|       781|       874|       486|    203308|    203794|    202434|    202920|
|       826|       876|         9|    203794|    203803|    202918|    202927|
|       857|       876|       387|    203803|    204190|    202927|    203314|
|       799|       877|         8|    204190|    204198|    203313|    203321|
|       804|       879|        54|    204198|    204252|    203319|    203373|
|       832|       879|       115|    204252|    204367|    203373|    203488|
|       848|       879|       139|    204367|    204506|    203488|    203627|
|       861|       879|       165|    204506|    204671|    203627|    203792|
|       849|       881|       305|    204671|    204976|    203790|    204095|
|       828|       882|       327|    204976|    205303|    204094|    204421|
|       808|       883|        37|    205303|    205340|    204420|    204457|
|       822|       885|       438|    205340|    205778|    204455|    204893|
|       863|       885|       406|    205778|    206184|    204893|    205299|
|       867|       885|       331|    206184|    206515|    205299|    205630|
|       885|       889|         9|    206515|    206524|    205626|    205635|
|       803|       891|        33|    206524|    206557|    205633|    205666|
|       823|       891|       182|    206557|    206739|    205666|    205848|
|       843|       891|       330|    206739|    207069|    205848|    206178|
|       851|       893|       276|    207069|    207345|    206176|    206452|
|       883|       895|       447|    207345|    207792|    206450|    206897|
|       802|       898|        98|    207792|    207890|    206894|    206992|
|       839|       898|       462|    207890|    208352|    206992|    207454|
|       844|       898|       117|    208352|    208469|    207454|    207571|
|       889|       901|       304|    208469|    208773|    207568|    207872|
|       862|       902|       420|    208773|    209193|    207871|    208291|
|       890|       903|        85|    209193|    209278|    208290|    208375|
|       884|       904|       246|    209278|    209524|    208374|    208620|
|       904|       907|       309|    209524|    209833|    208617|    208926|
|       827|       909|       311|    209833|    210144|    208924|    209235|
|       869|       909|       175|    210144|    210319|    209235|    209410|
|       910|       911|       110|    210319|    210429|    209408|    209518|
|       860|       912|       155|    210429|    210584|    209517|    209672|
|       876|       912|       132|    210584|    210716|    209672|    209804|
|       835|       913|       254|    210716|    210970|    209803|    210057|
|       875|       913|       350|    210970|    211320|    210057|    210407|
|       868|       915|       234|    211320|    211554|    210405|    210639|
|       859|       916|       338|    211554|    211892|    210638|    210976|
|       879|       916|        43|    211892|    211935|    210976|    211019|
|       865|       917|       414|    211935|    212349|    211018|    211432|
|       915|       918|       161|    212349|    212510|    211431|    211592|
|       838|       919|        67|    212510|    212577|    211591|    211658|
|       872|       919|       239|    212577|    212816|    211658|    211897|
|       912|       919|       402|    212816|    213218|    211897|    212299|
|       880|       920|       403|    213218|    213621|    212298|    212701|
|       898|       921|         9|    213621|    213630|    212700|    212709|
|       830|       922|       132|    213630|    213762|    212708|    212840|
|       856|       922|       140|    213762|    213902|    212840|    212980|
|       842|       924|       485|    213902|    214387|    212978|    213463|
|       850|       924|       489|    214387|    214876|    213463|    213952|
|       893|       924|       196|    214876|    215072|    213952|    214148|
|       833|       925|       325|    215072|    215397|    214147|    214472|
|       871|       925|        72|    215397|    215469|    214472|    214544|
|       836|       926|       361|    215469|    215830|    214543|    214904|
|       908|       926|       144|    215830|    215974|    214904|    215048|
|       888|       928|        97|    215974|    216071|    215046|    215143|
|       834|       929|       325|    216071|    216396|    215142|    215467|
|       896|       929|        36|    216396|    216432|    215467|    215503|
|       853|       932|       220|    216432|    216652|    215500|    215720|
|       906|       934|       174|    216652|    216826|    215718|    215892|
|       909|       934|       202|    216826|    217028|    215892|    216094|
|       922|       934|       418|    217028|    217446|    216094|    216512|
|       886|       935|       148|    217446|    217594|    216511|    216659|
|       870|       936|       320|    217594|    217914|    216658|    216978|
|       900|       937|        74|    217914|    217988|    216977|    217051|
|       855|       940|       265|    217988|    218253|    217048|    217313|
|       882|       940|       119|    218253|    218372|    217313|    217432|
|       935|       942|       241|    218372|    218613|    217430|    217671|
|       846|       943|       423|    218613|    219036|    217670|    218093|
|       901|       944|       182|    219036|    219218|    218092|    218274|
|       881|       947|       210|    219218|    219428|    218271|    218481|
|       907|       947|       206|    219428|    219634|    218481|    218687|
|       873|       948|       495|    219634|    220129|    218686|    219181|
|       940|       948|       199|    220129|    220328|    219181|    219380|
|       916|       949|       369|    220328|    220697|    219379|    219748|
|       925|       949|       409|    220697|    221106|    219748|    220157|
|       937|       949|       477|    221106|    221583|    220157|    220634|
|       934|       950|       180|    221583|    221763|    220633|    220813|
|       877|       951|       128|    221763|    221891|    220812|    220940|
|       918|       951|        50|    221891|    221941|    220940|    220990|
|       903|       957|        53|    221941|    221994|    220984|    221037|
|       932|       957|       191|    221994|    222185|    221037|    221228|
|       897|       958|       494|    222185|    222679|    221227|    221721|
|       902|       958|        46|    222679|    222725|    221721|    221767|
|       864|       959|       399|    222725|    223124|    221766|    222165|
|       887|       960|       299|    223124|    223423|    222164|    222463|
|       961|       961|       470|    223423|    223893|    222462|    222932|
|       963|       962|        85|    223893|    223978|    222931|    223016|
|       911|       964|       232|    223978|    224210|    223014|    223246|
|       945|       965|       433|    224210|    224643|    223245|    223678|
|       952|       965|       403|    224643|    225046|    223678|    224081|
|       962|       965|       199|    225046|    225245|    224081|    224280|
|       874|       966|        71|    225245|    225316|    224279|    224350|
|       928|       970|       134|    225316|    225450|    224346|    224480|
|       944|       970|        20|    225450|    225470|    224480|    224500|
|       955|       971|       182|    225470|    225652|    224499|    224681|
|       920|       973|         3|    225652|    225655|    224679|    224682|
|       943|       973|       326|    225655|    225981|    224682|    225008|
|       956|       973|       234|    225981|    226215|    225008|    225242|
|       891|       974|        91|    226215|    226306|    225241|    225332|
|       892|       974|       117|    226306|    226423|    225332|    225449|
|       930|       974|       478|    226423|    226901|    225449|    225927|
|       878|       976|        29|    226901|    226930|    225925|    225954|
|       919|       977|        68|    226930|    226998|    225953|    226021|
|       895|       978|       332|    226998|    227330|    226020|    226352|
|       964|       981|        68|    227330|    227398|    226349|    226417|
|       942|       982|        39|    227398|    227437|    226416|    226455|
|       965|       982|       404|    227437|    227841|    226455|    226859|
|       894|       985|       427|    227841|    228268|    226856|    227283|
|       931|       987|       326|    228268|    228594|    227281|    227607|
|       927|       988|       294|    228594|    228888|    227606|    227900|
|       905|       989|        63|    228888|    228951|    227899|    227962|
|       980|       989|       488|    228951|    229439|    227962|    228450|
|       936|       990|       249|    229439|    229688|    228449|    228698|
|       917|       991|        78|    229688|    229766|    228697|    228775|
|       958|       991|       420|    229766|    230186|    228775|    229195|
|       971|       992|       212|    230186|    230398|    229194|    229406|
|       899|       993|       186|    230398|    230584|    229405|    229591|
|       939|       996|       431|    230584|    231015|    229588|    230019|
|       924|       997|       268|    231015|    231283|    230018|    230286|
|       968|       997|       254|    231283|    231537|    230286|    230540|
|       926|       999|       487|    231537|    232024|    230538|    231025|
|       929|      1000|        37|    232024|    232061|    231024|    231061|
|       923|      1002|       485|    232061|    232546|    231059|    231544|
|       933|      1003|       279|    232546|    232825|    231543|    231822|
|       954|      1003|       428|    232825|    233253|    231822|    232250|
|       996|      1003|       409|    233253|    233662|    232250|    232659|
|       949|      1004|        45|    233662|    233707|    232658|    232703|
|       914|      1005|       305|    233707|    234012|    232702|    233007|
|       913|      1006|        26|    234012|    234038|    233006|    233032|
|       973|      1007|       149|    234038|    234187|    233031|    233180|
|       989|      1009|         9|    234187|    234196|    233178|    233187|
|       953|      1010|       184|    234196|    234380|    233186|    233370|
|       921|      1014|       324|    234380|    234704|    233366|    233690|
|       941|      1014|       134|    234704|    234838|    233690|    233824|
|       946|      1014|        25|    234838|    234863|    233824|    233849|
|       947|      1014|       253|    234863|    235116|    233849|    234102|
|       984|      1015|       225|    235116|    235341|    234101|    234326|
|       959|      1017|       250|    235341|    235591|    234324|    234574|
|       977|      1019|       189|    235591|    235780|    234572|    234761|
|       997|      1019|       371|    235780|    236151|    234761|    235132|
|       992|      1020|       223|    236151|    236374|    235131|    235354|
|       983|      1021|       227|    236374|    236601|    235353|    235580|
|       987|      1021|       457|    236601|    237058|    235580|    236037|
|       960|      1023|       169|    237058|    237227|    236035|    236204|
|       998|      1025|       423|    237227|    237650|    236202|    236625|
|       957|      1026|        87|    237650|    237737|    236624|    236711|
|       999|      1026|       117|    237737|    237854|    236711|    236828|
|       982|      1027|       246|    237854|    238100|    236827|    237073|
|       991|      1027|        86|    238100|    238186|    237073|    237159|
|       993|      1028|        29|    238186|    238215|    237158|    237187|
|       981|      1031|       305|    238215|    238520|    237184|    237489|
|       986|      1032|       180|    238520|    238700|    237488|    237668|
|       988|      1032|       371|    238700|    239071|    237668|    238039|
|       938|      1034|       360|    239071|    239431|    238037|    238397|
|       951|      1035|       346|    239431|    239777|    238396|    238742|
|       974|      1036|       378|    239777|    240155|    238741|    239119|
|       948|      1037|        71|    240155|    240226|    239118|    239189|
|       950|      1041|       184|    240226|    240410|    239185|    239369|
|       978|      1041|       125|    240410|    240535|    239369|    239494|
|       972|      1043|        82|    240535|    240617|    239492|    239574|
|       975|      1043|       222|    240617|    240839|    239574|    239796|
|       985|      1047|       275|    240839|    241114|    239792|    240067|
|       967|      1049|       117|    241114|    241231|    240065|    240182|
|       969|      1052|        20|    241231|    241251|    240179|    240199|
|       995|      1055|        53|    241251|    241304|    240196|    240249|
|       976|      1056|        58|    241304|    241362|    240248|    240306|
|      1000|      1057|       340|    241362|    241702|    240305|    240645|
|       970|      1058|       444|    241702|    242146|    240644|    241088|
|       966|      1064|        75|    242146|    242221|    241082|    241157|
|       979|      1069|       187|    242221|    242408|    241152|    241339|
|       994|      1079|       475|    242408|    242883|    241329|    241804|
|       990|      1086|       224|    242883|    243107|    241797|    242021|
