------------------------------------------------------------------------------
|      Name|   Arrival|     Burst|     Start|    Finish|   Waiting|TurnAround|
------------------------------------------------------------------------------
|         2|         7|       234|         7|     54481|         0|       234|
|         9|        10|       357|       241|    130713|       234|       591|
|        11|        10|       211|       598|     40531|       591|       802|
|        15|        14|       422|       809|    181852|       802|      1224|
|        19|        22|       391|      1231|    157698|      1224|      1615|
|         8|        23|       268|      1622|     73326|      1615|      1883|
|         1|        30|       295|      1890|     86752|      1883|      2178|
|         7|        30|        28|      2185|        58|      2178|      2206|
|        35|        36|       326|      2213|    109606|      2206|      2532|
|        34|        47|       144|      2539|     22994|      2532|      2676|
|        33|        48|       206|      2683|     45097|      2676|      2882|
|        32|        49|       407|      2889|    166509|      2882|      3289|
|        50|        49|        49|      3296|      2339|      3289|      3338|
|        24|        52|       245|      3345|     61827|      3338|      3583|
|         4|        54|       452|      3590|    205839|      3583|      4035|
|        27|        54|        68|      4042|      4296|      4035|      4103|
|        51|        56|       425|      4110|    183545|      4103|      4528|
|        23|        57|       288|      4535|     83257|      4528|      4816|
|        48|        57|        10|      4823|        68|      4816|      4826|
|        18|        58|       371|      4833|    139819|      4826|      5197|
|        59|        58|       259|      5204|     68851|      5197|      5456|
|        57|        59|        31|      5463|        99|      5456|      5487|
|        16|        62|       384|      5494|    151103|      5487|      5871|
|        30|        62|       166|      5878|     29626|      5871|      6037|
|        37|        62|        69|      6044|      4637|      6037|      6106|
|        22|        63|        70|      6113|      4845|      6106|      6176|
|        43|        63|       430|      6183|    189951|      6176|      6606|
|        45|        63|       236|      6613|     57976|      6606|      6842|
|         6|        64|       261|      6849|     69890|      6842|      7103|
|        31|        69|       342|      7110|    120914|      7103|      7445|
|        26|        70|       346|      7452|    122982|      7445|      7791|
|        12|        71|       263|      7798|     70676|      7791|      8054|
|        39|        71|       355|      8061|    128934|      8054|      8409|
|        60|        71|       269|      8416|     74131|      8409|      8678|
|        58|        72|       270|      8685|     74939|      8678|      8948|
|        20|        76|       142|      8955|     22564|      8948|      9090|
|        53|        76|       134|      9097|     20625|      9090|      9224|
|         3|        77|       400|      9231|    160861|      9224|      9624|
|        55|        77|       258|      9631|     68334|      9624|      9882|
|        14|        80|       205|      9889|     44686|      9882|     10087|
|        46|        81|       156|     10094|     26723|     10087|     10243|
|        44|        82|       129|     10250|     18395|     10243|     10372|
|        10|        83|       450|     10379|    204937|     10372|     10822|
|        85|        84|       406|     10829|    165696|     10822|     11228|
|        65|        89|       161|     11235|     27988|     11228|     11389|
|        21|        94|       231|     11396|     54712|     11389|     11620|
|        56|        94|       340|     11627|    119210|     11620|     11960|
|        71|        94|        30|     11967|       140|     11960|     11990|
|        68|        97|       167|     11997|     30125|     11990|     12157|
|        28|        98|       481|     12164|    225436|     12157|     12638|
|        98|        99|       272|     12645|     76023|     12638|     12910|
|        25|       100|       246|     12917|     62563|     12910|     13156|
|       100|       100|        82|     13163|      6792|     13156|     13238|
|        47|       101|       430|     13245|    190381|     13238|     13668|
|       101|       101|       319|     13675|    104124|     13668|     13987|
|        40|       102|        11|     13994|       113|     13987|     13998|
|         5|       103|       365|     14005|    135400|     13998|     14363|
|        75|       103|       353|     14370|    127518|     14363|     14716|
|        95|       103|       137|     14723|     21165|     14716|     14853|
|        13|       105|       360|     14860|    132506|     14853|     15213|
|       106|       106|        28|     15220|       194|     15213|     15241|
|        41|       107|        36|     15248|      1445|     15241|     15277|
|        78|       107|        62|     15284|      3644|     15277|     15339|
|        42|       108|       483|     15346|    227362|     15339|     15822|
|        54|       108|       250|     15829|     65038|     15822|     16072|
|        17|       109|       131|     16079|     19303|     16072|     16203|
|       109|       109|       362|     16210|    134309|     16203|     16565|
|        66|       111|       304|     16572|     94832|     16565|     16869|
|        99|       114|       248|     16876|     64042|     16869|     17117|
|        84|       115|       278|     17124|     79865|     17117|     17395|
|        72|       116|       474|     17402|    219707|     17395|     17869|
|        52|       119|       284|     17876|     82113|     17869|     18153|
|        76|       119|       392|     18160|    158481|     18153|     18545|
|        29|       122|        69|     18552|      4706|     18545|     18614|
|        93|       122|       217|     18621|     48891|     18614|     18831|
|        49|       123|       293|     18838|     85870|     18831|     19124|
|        38|       124|       240|     19131|     59642|     19124|     19364|
|       113|       125|       268|     19371|     73594|     19364|     19632|
|        36|       126|       496|     19639|    239127|     19632|     20128|
|       110|       126|       368|     20135|    137231|     20128|     20496|
|       117|       126|       190|     20503|     39960|     20496|     20686|
|       121|       126|       214|     20693|     48245|     20686|     20900|
|       120|       130|       224|     20907|     51764|     20900|     21124|
|        63|       131|       103|     21131|     11015|     21124|     21227|
|        89|       134|       295|     21234|     87047|     21227|     21522|
|       133|       134|       322|     21529|    106689|     21522|     21844|
|        96|       135|       449|     21851|    203589|     21844|     22293|
|       125|       136|       274|     22300|     77660|     22293|     22567|
|       134|       136|        46|     22574|      2105|     22567|     22613|
|        91|       140|        89|     22620|      8500|     22613|     22702|
|       104|       140|       232|     22709|     55406|     22702|     22934|
|       143|       142|       478|     22941|    222562|     22934|     23412|
|        94|       144|       344|     23419|    121258|     23412|     23756|
|        83|       145|       345|     23763|    122291|     23756|     24101|
|       145|       145|        18|     24108|       163|     24101|     24119|
|        62|       146|       122|     24126|     15641|     24119|     24241|
|        79|       146|       321|     24248|    105725|     24241|     24562|
|        80|       148|       270|     24569|     75209|     24562|     24832|
|       146|       148|       151|     24839|     25493|     24832|     24983|
|        70|       151|       184|     24990|     37344|     24983|     25167|
|        61|       152|       102|     25174|     10810|     25167|     25269|
|        77|       152|       307|     25276|     97886|     25269|     25576|
|        69|       153|       203|     25583|     43871|     25576|     25779|
|       116|       153|       157|     25786|     27036|     25779|     25936|
|       127|       153|       290|     25943|     84702|     25936|     26226|
|        64|       155|       370|     26233|    138708|     26226|     26596|
|        86|       155|       325|     26603|    108630|     26596|     26921|
|        67|       156|       427|     26928|    186525|     26921|     27348|
|        88|       159|       385|     27355|    152640|     27348|     27733|
|        97|       159|       414|     27740|    173074|     27733|     28147|
|       159|       160|        47|     28154|      2290|     28147|     28194|
|       105|       161|         8|     28201|       171|     28194|     28202|
|       122|       161|       297|     28209|     88822|     28202|     28499|
|       102|       162|       129|     28506|     18524|     28499|     28628|
|       118|       162|       129|     28635|     18653|     28628|     28757|
|       137|       162|       445|     28764|    199562|     28757|     29202|
|       119|       164|       273|     29209|     76840|     29202|     29475|
|       160|       166|       250|     29482|     65288|     29475|     29725|
|       150|       168|       183|     29732|     37160|     29725|     29908|
|        73|       169|       137|     29915|     21302|     29908|     30045|
|        87|       169|       347|     30052|    124021|     30045|     30392|
|       132|       169|        73|     30399|      5559|     30392|     30465|
|       128|       170|       370|     30472|    139078|     30465|     30835|
|       144|       170|       459|     30842|    210397|     30835|     31294|
|        74|       171|       103|     31301|     11118|     31294|     31397|
|        90|       174|       373|     31404|    142792|     31397|     31770|
|       115|       174|       190|     31777|     40150|     31770|     31960|
|        81|       175|       464|     31967|    214083|     31960|     32424|
|        82|       175|       250|     32431|     65538|     32424|     32674|
|       141|       178|       309|     32681|     98502|     32674|     32983|
|       158|       178|       299|     32990|     90312|     32983|     33282|
|       175|       178|        99|     33289|     10005|     33282|     33381|
|       177|       178|        75|     33388|      5929|     33381|     33456|
|       140|       179|       328|     33463|    112219|     33456|     33784|
|       124|       180|       145|     33791|     23715|     33784|     33929|
|       170|       180|       263|     33936|     70939|     33929|     34192|
|       111|       181|        21|     34199|       229|     34192|     34213|
|       103|       182|       309|     34220|     98811|     34213|     34522|
|       139|       183|       232|     34529|     55638|     34522|     34754|
|       152|       184|       466|     34761|    215479|     34754|     35220|
|        92|       187|       310|     35227|    100666|     35220|     35530|
|       123|       189|       302|     35537|     92412|     35530|     35832|
|       148|       189|       229|     35839|     54250|     35832|     36061|
|       138|       190|       434|     36068|    192976|     36061|     36495|
|       131|       191|       296|     36502|     87933|     36495|     36791|
|       151|       192|        64|     36798|      3896|     36791|     36855|
|       129|       193|       309|     36862|     99120|     36855|     37164|
|       112|       194|       214|     37171|     48459|     37164|     37378|
|       161|       194|       186|     37385|     37898|     37378|     37564|
|       108|       195|       496|     37571|    239623|     37564|     38060|
|       130|       197|       141|     38067|     21999|     38060|     38201|
|       188|       197|       461|     38208|    212695|     38201|     38662|
|       149|       198|       289|     38669|     83834|     38662|     38951|
|       165|       199|        14|     38958|       213|     38951|     38965|
|       114|       203|       125|     38972|     16749|     38965|     39090|
|       172|       204|       228|     39097|     54021|     39090|     39318|
|       107|       205|       481|     39325|    225917|     39318|     39799|
|       168|       206|       141|     39806|     22140|     39799|     39940|
|       142|       207|       323|     39947|    107334|     39940|     40263|
|       164|       210|        27|     40270|       266|     40263|     40290|
|       186|       210|       133|     40297|     20491|     40290|     40423|
|       174|       212|        98|     40430|      9808|     40423|     40521|
|       126|       216|       297|     40528|     89119|     40521|     40818|
|       153|       218|       191|     40825|     40722|     40818|     41009|
|       182|       218|        56|     41016|      3232|     41009|     41065|
|       190|       218|        45|     41072|      1924|     41065|     41110|
|       156|       219|       370|     41117|    139448|     41110|     41480|
|       155|       221|       305|     41487|     95441|     41480|     41785|
|       173|       221|       470|     41792|    217821|     41785|     42255|
|       181|       221|       390|     42262|    156137|     42255|     42645|
|       222|       221|       147|     42652|     24153|     42645|     42792|
|       147|       224|       320|     42799|    104444|     42792|     43112|
|       187|       225|       351|     43119|    126463|     43112|     43463|
|       136|       226|        82|     43470|      6874|     43463|     43545|
|       191|       226|       244|     43552|     61338|     43545|     43789|
|       218|       226|       188|     43796|     39205|     43789|     43977|
|       135|       227|       384|     43984|    151487|     43977|     44361|
|       209|       227|       143|     44368|     22707|     44361|     44504|
|       198|       228|       206|     44511|     45303|     44504|     44710|
|       224|       228|       127|     44717|     17756|     44710|     44837|
|       184|       230|       273|     44844|     77113|     44837|     45110|
|       214|       230|        35|     45117|       452|     45110|     45145|
|       185|       232|       295|     45152|     87342|     45145|     45440|
|       195|       232|       258|     45447|     68592|     45440|     45698|
|       211|       233|       103|     45705|     11221|     45698|     45801|
|       221|       233|       177|     45808|     33741|     45801|     45978|
|       226|       233|       417|     45985|    175981|     45978|     46395|
|       205|       235|        56|     46402|      3288|     46395|     46451|
|       166|       236|       374|     46458|    143912|     46451|     46825|
|       215|       236|       112|     46832|     13056|     46825|     46937|
|       162|       238|       203|     46944|     44074|     46937|     47140|
|       189|       241|       140|     47147|     21718|     47140|     47280|
|       233|       241|        10|     47287|       251|     47280|     47290|
|       208|       243|       122|     47297|     15763|     47290|     47412|
|       225|       243|       122|     47419|     15885|     47412|     47534|
|       240|       243|       220|     47541|     49549|     47534|     47754|
|       231|       245|       306|     47761|     96967|     47754|     48060|
|       238|       245|       495|     48067|    236651|     48060|     48555|
|       163|       246|        24|     48562|       335|     48555|     48579|
|       216|       246|       299|     48586|     90611|     48579|     48878|
|       199|       248|        64|     48885|      3960|     48878|     48942|
|       154|       249|       419|     48949|    177652|     48942|     49361|
|       176|       249|       346|     49368|    123328|     49361|     49707|
|       219|       249|       242|     49714|     60125|     49707|     49949|
|       250|       249|       391|     49956|    158089|     49949|     50340|
|       157|       250|       311|     50347|    101287|     50340|     50651|
|       223|       250|       190|     50658|     40340|     50651|     50841|
|       171|       251|       426|     50848|    185246|     50841|     51267|
|       193|       251|       262|     51274|     70413|     51267|     51529|
|       201|       251|        23|     51536|       311|     51529|     51552|
|       180|       252|       264|     51559|     71466|     51552|     51816|
|       249|       252|        97|     51823|      9516|     51816|     51913|
|       202|       253|        95|     51920|      9419|     51913|     52008|
|       206|       253|       465|     52015|    214548|     52008|     52473|
|       167|       254|       390|     52480|    156527|     52473|     52863|
|       169|       254|       329|     52870|    112876|     52863|     53192|
|       239|       254|       309|     53199|     99429|     53192|     53501|
|       183|       258|       321|     53508|    106046|     53501|     53822|
|       204|       259|       380|     53829|    148815|     53822|     54202|
|       241|       261|        18|     54209|       284|     54202|     54220|
|       178|       264|       242|     54227|     60367|     54220|     54462|
|       192|       266|       465|     54469|    215013|     54462|     54927|
|       234|       266|       198|     54934|     42470|     54927|     55125|
|       194|       267|        67|     55132|      4027|     55125|     55192|
|       203|       269|       479|     55199|    223997|     55192|     55671|
|       207|       269|       408|     55678|    167324|     55671|     56079|
|       179|       270|        73|     56086|      5632|     56079|     56152|
|       220|       270|        99|     56159|     10104|     56152|     56251|
|       228|       271|       137|     56258|     21439|     56251|     56388|
|       263|       271|       443|     56395|    198230|     56388|     56831|
|       213|       274|       324|     56838|    107981|     56831|     57155|
|       260|       276|       303|     57162|     94225|     57155|     57458|
|       266|       276|        30|     57465|       382|     57458|     57488|
|       230|       278|       281|     57495|     80703|     57488|     57769|
|       277|       278|        94|     57776|      9230|     57769|     57863|
|       200|       280|       246|     57870|     62809|     57863|     58109|
|       232|       281|       161|     58116|     28149|     58109|     58270|
|       265|       285|       174|     58277|     32164|     58270|     58444|
|       275|       285|         4|     58451|       289|     58444|     58448|
|       212|       287|       440|     58455|    197345|     58448|     58888|
|       247|       288|       176|     58895|     33212|     58888|     59064|
|       254|       288|       195|     59071|     41490|     59064|     59259|
|       284|       288|       278|     59266|     80143|     59259|     59537|
|       210|       291|       383|     59544|    150719|     59537|     59920|
|       227|       292|       455|     59927|    207654|     59920|     60375|
|       196|       294|       428|     60382|    187807|     60375|     60803|
|       197|       294|        61|     60810|      3521|     60803|     60864|
|       278|       294|       481|     60871|    226398|     60864|     61345|
|       289|       294|        93|     61352|      9136|     61345|     61438|
|       257|       298|       256|     61445|     67564|     61438|     61694|
|       255|       299|       212|     61701|     47181|     61694|     61906|
|       287|       299|       497|     61913|    240616|     61906|     62403|
|       235|       300|       384|     62410|    151871|     62403|     62787|
|       293|       300|       224|     62794|     51988|     62787|     63011|
|       253|       301|       436|     63018|    194281|     63011|     63447|
|       259|       302|       317|     63454|    102853|     63447|     63764|
|       271|       302|       151|     63771|     25644|     63764|     63915|
|       282|       302|        39|     63922|      1631|     63915|     63954|
|       269|       304|       289|     63961|     84123|     63954|     64243|
|       252|       306|       372|     64250|    141675|     64243|     64615|
|       262|       308|       355|     64622|    129289|     64615|     64970|
|       267|       308|       429|     64977|    189092|     64970|     65399|
|       281|       308|       159|     65406|     27667|     65399|     65558|
|       217|       309|        42|     65565|      1752|     65558|     65600|
|       286|       309|       206|     65607|     45509|     65600|     65806|
|       229|       310|       490|     65813|    233198|     65806|     66296|
|       261|       310|       299|     66303|     90910|     66296|     66595|
|       288|       310|       358|     66602|    131071|     66595|     66953|
|       301|       311|       247|     66960|     63794|     66953|     67200|
|       248|       312|       188|     67207|     39393|     67200|     67388|
|       244|       315|       221|     67395|     50650|     67388|     67609|
|       236|       316|       177|     67616|     33918|     67609|     67786|
|       245|       320|       330|     67793|    114193|     67786|     68116|
|       237|       323|       378|     68123|    147300|     68116|     68494|
|       251|       323|       387|     68501|    153027|     68494|     68881|
|       242|       326|        56|     68888|      3344|     68881|     68937|
|       272|       330|       429|     68944|    189521|     68937|     69366|
|       291|       330|        55|     69373|      3121|     69366|     69421|
|       300|       330|       182|     69428|     36431|     69421|     69603|
|       315|       331|       220|     69610|     49769|     69603|     69823|
|       246|       334|       435|     69830|    193845|     69823|     70258|
|       294|       334|       150|     70265|     25192|     70258|     70408|
|       304|       335|       409|     70415|    168141|     70408|     70817|
|       279|       337|         1|     70824|       338|     70817|     70818|
|       243|       338|       332|     70825|    115517|     70818|     71150|
|       258|       339|       132|     71157|     19566|     71150|     71282|
|       317|       339|       116|     71289|     13974|     71282|     71398|
|       276|       340|       333|     71405|    116182|     71398|     71731|
|       325|       340|       103|     71738|     11324|     71731|     71834|
|       274|       341|        50|     71841|      2438|     71834|     71884|
|       280|       342|       400|     71891|    161261|     71884|     72284|
|       302|       342|       360|     72291|    132866|     72284|     72644|
|       312|       343|       471|     72651|    218762|     72644|     73115|
|       335|       343|       126|     73122|     17125|     73115|     73241|
|       297|       344|       128|     73248|     18138|     73241|     73369|
|       329|       345|       157|     73376|     27193|     73369|     73526|
|       330|       345|       432|     73533|    191244|     73526|     73958|
|       292|       348|        16|     73965|       364|     73958|     73974|
|       309|       348|       341|     73981|    120231|     73974|     74315|
|       331|       350|       180|     74322|     34987|     74315|     74495|
|       256|       352|       340|     74502|    119550|     74495|     74835|
|       342|       354|       118|     74842|     14560|     74835|     74953|
|       285|       355|       131|     74960|     19434|     74953|     75084|
|       339|       355|       447|     75091|    200455|     75084|     75531|
|       283|       356|        61|     75538|      3582|     75531|     75592|
|       264|       357|        69|     75599|      4775|     75592|     75661|
|       290|       357|       448|     75668|    202244|     75661|     76109|
|       350|       357|       437|     76116|    195154|     76109|     76546|
|       270|       360|       410|     76553|    169778|     76546|     76956|
|       268|       363|        45|     76963|      1969|     76956|     77001|
|       313|       364|        55|     77008|      3176|     77001|     77056|
|       273|       366|       126|     77063|     17251|     77056|     77182|
|       333|       366|       317|     77189|    103170|     77182|     77499|
|       341|       366|       410|     77506|    170188|     77499|     77909|
|       305|       367|       260|     77916|     69629|     77909|     78169|
|       307|       369|       474|     78176|    220181|     78169|     78643|
|       296|       371|       499|     78650|    242109|     78643|     79142|
|       299|       372|       479|     79149|    224476|     79142|     79621|
|       320|       373|       359|     79628|    132146|     79621|     79980|
|       349|       374|       178|     79987|     34450|     79980|     80158|
|       361|       375|        51|     80165|      2589|     80158|     80209|
|       364|       375|       265|     80216|     71731|     80209|     80474|
|       295|       376|       449|     80481|    204038|     80474|     80923|
|       319|       376|       456|     80930|    208110|     80923|     81379|
|       303|       377|       122|     81386|     16007|     81379|     81501|
|       345|       377|       271|     81508|     75480|     81501|     81772|
|       352|       381|       390|     81779|    156917|     81772|     82162|
|       343|       382|       291|     82169|     84993|     82162|     82453|
|       334|       384|       141|     82460|     22281|     82453|     82594|
|       336|       384|        84|     82601|      7206|     82594|     82678|
|       311|       388|       301|     82685|     91809|     82678|     82979|
|       383|       388|        45|     82986|      2014|     82979|     83024|
|       308|       389|       120|     83031|     14917|     83024|     83144|
|       328|       389|       459|     83151|    210856|     83144|     83603|
|       310|       391|       373|     83610|    143165|     83603|     83976|
|       323|       391|       238|     83983|     58686|     83976|     84214|
|       367|       391|       285|     84221|     82398|     84214|     84499|
|       298|       394|       164|     84506|     28636|     84499|     84663|
|       338|       394|        20|     84670|       414|     84663|     84683|
|       322|       398|        70|     84690|      4915|     84683|     84753|
|       372|       398|       101|     84760|     10405|     84753|     84854|
|       337|       399|        52|     84861|      2692|     84854|     84906|
|       378|       399|       174|     84913|     32338|     84906|     85080|
|       388|       399|        91|     85087|      8770|     85080|     85171|
|       392|       399|        81|     85178|      6629|     85171|     85252|
|       316|       400|       310|     85259|    100976|     85252|     85562|
|       369|       400|       403|     85569|    162868|     85562|     85965|
|       385|       400|       453|     85972|    206292|     85965|     86418|
|       306|       402|       306|     86425|     97273|     86418|     86724|
|       327|       402|       327|     86731|    111237|     86724|     87051|
|       340|       402|       115|     87058|     13513|     87051|     87166|
|       346|       402|       124|     87173|     16376|     87166|     87290|
|       353|       405|       488|     87297|    231731|     87290|     87778|
|       365|       405|       469|     87785|    216882|     87778|     88247|
|       371|       406|       242|     88254|     60609|     88247|     88489|
|       376|       407|       273|     88496|     77386|     88489|     88762|
|       314|       408|       170|     88769|     31303|     88762|     88932|
|       321|       410|       318|     88939|    103805|     88932|     89250|
|       348|       410|       296|     89257|     88229|     89250|     89546|
|       370|       411|        52|     89553|      2744|     89546|     89598|
|       344|       413|       231|     89605|     54943|     89598|     89829|
|       379|       414|       397|     89836|    159664|     89829|     90226|
|       404|       414|       107|     90233|     11847|     90226|     90333|
|       318|       416|       450|     90340|    205387|     90333|     90783|
|       324|       416|        15|     90790|       431|     90783|     90798|
|       359|       416|       309|     90805|     99738|     90798|     91107|
|       363|       418|       347|     91114|    124368|     91107|     91454|
|       402|       419|       298|     91461|     89417|     91454|     91752|
|       351|       420|       233|     91759|     56103|     91752|     91985|
|       326|       422|       495|     91992|    237146|     91985|     92480|
|       362|       422|       208|     92487|     45923|     92480|     92688|
|       360|       423|       380|     92695|    149195|     92688|     93068|
|       415|       423|        22|     93075|       485|     93068|     93090|
|       354|       424|       126|     93097|     17377|     93090|     93216|
|       332|       425|       336|     93223|    117521|     93216|     93552|
|       373|       427|       166|     93559|     29792|     93552|     93718|
|       410|       427|       286|     93725|     82969|     93718|     94004|
|       355|       428|       298|     94011|     89715|     94004|     94302|
|       403|       428|       261|     94309|     70151|     94302|     94563|
|       413|       432|       421|     94570|    181009|     94563|     94984|
|       398|       433|        90|     94991|      8679|     94984|     95074|
|       347|       434|       219|     95081|     49110|     95074|     95293|
|       382|       436|       173|     95300|     31990|     95293|     95466|
|       411|       437|        25|     95473|       623|     95466|     95491|
|       432|       438|        31|     95498|       991|     95491|     95522|
|       400|       439|        83|     95529|      7039|     95522|     95605|
|       401|       439|       347|     95612|    124715|     95605|     95952|
|       425|       441|       248|     95959|     64290|     95952|     96200|
|       435|       441|       213|     96207|     47818|     96200|     96413|
|       399|       443|       389|     96420|    154191|     96413|     96802|
|       357|       444|       345|     96809|    122636|     96802|     97147|
|       356|       445|       329|     97154|    113205|     97147|     97476|
|       366|       445|       320|     97483|    104764|     97476|     97796|
|       387|       445|        11|     97803|       463|     97796|     97807|
|       358|       447|        94|     97814|      9324|     97807|     97901|
|       420|       447|       281|     97908|     80984|     97901|     98182|
|       394|       449|       111|     98189|     12722|     98182|     98293|
|       409|       450|       153|     98300|     25797|     98293|     98446|
|       440|       450|       205|     98453|     44891|     98446|     98651|
|       397|       453|       220|     98658|     49989|     98651|     98871|
|       442|       453|       377|     98878|    145791|     98871|     99248|
|       396|       454|       250|     99255|     65788|     99248|     99498|
|       429|       454|       494|     99505|    235168|     99498|     99992|
|       389|       455|       334|     99999|    116516|     99992|    100326|
|       374|       456|       208|    100333|     46131|    100326|    100534|
|       368|       457|       210|    100541|     46549|    100534|    100744|
|       406|       459|       127|    100751|     17883|    100744|    100871|
|       375|       460|       283|    100878|     81829|    100871|    101154|
|       380|       463|       479|    101161|    224955|    101154|    101633|
|       377|       464|       365|    101640|    135765|    101633|    101998|
|       422|       464|       208|    102005|     46339|    101998|    102206|
|       456|       464|       453|    102213|    206745|    102206|    102659|
|       381|       465|       114|    102666|     13170|    102659|    102773|
|       433|       465|       129|    102780|     18782|    102773|    102902|
|       438|       465|       132|    102909|     19698|    102902|    103034|
|       450|       465|       305|    103041|     95746|    103034|    103339|
|       395|       467|       374|    103346|    144286|    103339|    103713|
|       466|       468|       200|    103720|     43266|    103713|    103913|
|       384|       471|       417|    103920|    176398|    103913|    104330|
|       471|       471|       292|    104337|     85285|    104330|    104622|
|       405|       475|       177|    104629|     34095|    104622|    104799|
|       449|       476|        19|    104806|       573|    104799|    104818|
|       416|       479|       147|    104825|     24300|    104818|    104965|
|       408|       481|       378|    104972|    147678|    104965|    105343|
|       445|       481|       105|    105350|     11740|    105343|    105448|
|       386|       482|        16|    105455|       501|    105448|    105464|
|       391|       484|       146|    105471|     24006|    105464|    105610|
|       426|       485|       434|    105617|    193410|    105610|    106044|
|       454|       485|       124|    106051|     16500|    106044|    106168|
|       390|       486|        51|    106175|      2640|    106168|    106219|
|       412|       487|        87|    106226|      7973|    106219|    106306|
|       431|       487|       360|    106313|    133226|    106306|    106666|
|       393|       488|        42|    106673|      1794|    106666|    106708|
|       418|       488|       388|    106715|    153802|    106708|    107096|
|       423|       488|       336|    107103|    117857|    107096|    107432|
|       458|       488|       265|    107439|     71996|    107432|    107697|
|       424|       489|        84|    107704|      7290|    107697|    107781|
|       430|       489|       326|    107788|    109932|    107781|    108107|
|       480|       489|       351|    108114|    126814|    108107|    108458|
|       482|       489|       362|    108465|    134671|    108458|    108820|
|       483|       490|        54|    108827|      2904|    108820|    108874|
|       414|       491|        12|    108881|       513|    108874|    108886|
|       421|       491|       276|    108893|     78759|    108886|    109162|
|       493|       492|       233|    109169|     56336|    109162|    109395|
|       407|       494|        14|    109402|       534|    109395|    109409|
|       452|       494|        28|    109416|       805|    109409|    109437|
|       486|       495|       254|    109444|     66545|    109437|    109691|
|       441|       497|       421|    109698|    181430|    109691|    110112|
|       453|       499|       400|    110119|    161661|    110112|    110512|
|       464|       501|       109|    110519|     12063|    110512|    110621|
|       427|       502|       203|    110628|     44277|    110621|    110824|
|       417|       503|       121|    110831|     15398|    110824|    110945|
|       461|       504|       101|    110952|     10506|    110945|    111046|
|       484|       505|       210|    111053|     46759|    111046|    111256|
|       492|       506|       132|    111263|     19830|    111256|    111388|
|       428|       507|       144|    111395|     23138|    111388|    111532|
|       434|       508|       410|    111539|    170598|    111532|    111942|
|       436|       508|       414|    111949|    173488|    111942|    112356|
|       437|       509|       175|    112363|     32861|    112356|    112531|
|       439|       509|        88|    112538|      8235|    112531|    112619|
|       478|       510|       366|    112626|    136131|    112619|    112985|
|       490|       513|       419|    112992|    178071|    112985|    113404|
|       419|       514|       326|    113411|    110258|    113404|    113730|
|       444|       514|       380|    113737|    149575|    113730|    114110|
|       447|       514|       491|    114117|    233689|    114110|    114601|
|       473|       515|         7|    114608|       522|    114601|    114608|
|       495|       515|       419|    114615|    178490|    114608|    115027|
|       470|       518|       398|    115034|    160062|    115027|    115425|
|       479|       518|       394|    115432|    159267|    115425|    115819|
|       508|       521|       110|    115826|     12391|    115819|    115929|
|       477|       522|       141|    115936|     22422|    115929|    116070|
|       455|       523|       153|    116077|     25950|    116070|    116223|
|       515|       525|       126|    116230|     17503|    116223|    116349|
|       451|       526|       195|    116356|     41685|    116349|    116544|
|       497|       526|       459|    116551|    211315|    116544|    117003|
|       504|       527|       483|    117010|    227845|    117003|    117486|
|       465|       528|       392|    117493|    158873|    117486|    117878|
|       462|       530|        71|    117885|      4986|    117878|    117949|
|       519|       530|       438|    117956|    196029|    117949|    118387|
|       523|       530|        77|    118394|      6156|    118387|    118464|
|       511|       531|       212|    118471|     47393|    118464|    118676|
|       468|       532|       158|    118683|     27508|    118676|    118834|
|       472|       532|       351|    118841|    127165|    118834|    119185|
|       512|       532|       272|    119192|     76295|    119185|    119457|
|       499|       534|        46|    119464|      2151|    119457|    119503|
|       500|       534|        88|    119510|      8323|    119503|    119591|
|       460|       535|       120|    119598|     15037|    119591|    119711|
|       524|       536|       335|    119718|    117185|    119711|    120046|
|       443|       537|       196|    120053|     42076|    120046|    120242|
|       513|       537|       317|    120249|    103487|    120242|    120559|
|       448|       539|       246|    120566|     63055|    120559|    120805|
|       459|       539|        11|    120812|       550|    120805|    120816|
|       530|       539|       104|    120823|     11531|    120816|    120920|
|       446|       541|       107|    120927|     11954|    120920|    121027|
|       538|       541|       454|    121034|    207199|    121027|    121481|
|       457|       543|       144|    121488|     23282|    121481|    121625|
|       485|       543|       120|    121632|     15157|    121625|    121745|
|       496|       545|       125|    121752|     16874|    121745|    121870|
|       501|       545|       436|    121877|    194717|    121870|    122306|
|       463|       546|        74|    122313|      5706|    122306|    122380|
|       476|       546|       377|    122387|    146168|    122380|    122757|
|       481|       547|       327|    122764|    111564|    122757|    123084|
|       522|       547|        68|    123091|      4364|    123084|    123152|
|       541|       548|       150|    123159|     25342|    123152|    123302|
|       487|       549|       416|    123309|    174732|    123302|    123718|
|       475|       551|         9|    123725|       560|    123718|    123727|
|       520|       551|       481|    123734|    226879|    123727|    124208|
|       535|       554|        18|    124215|       591|    124208|    124226|
|       474|       555|       427|    124233|    186952|    124226|    124653|
|       514|       557|       245|    124660|     62072|    124653|    124898|
|       517|       557|       103|    124905|     11427|    124898|    125001|
|       467|       558|       295|    125008|     87637|    125001|    125296|
|       488|       558|       474|    125303|    220655|    125296|    125770|
|       489|       562|       111|    125777|     12833|    125770|    125881|
|       521|       562|       389|    125888|    154580|    125881|    126270|
|       505|       564|       416|    126277|    175148|    126270|    126686|
|       516|       564|       223|    126693|     51317|    126686|    126909|
|       469|       565|        42|    126916|      1836|    126909|    126951|
|       509|       566|       477|    126958|    221607|    126951|    127428|
|       556|       569|       100|    127435|     10204|    127428|    127528|
|       503|       572|       302|    127535|     92714|    127528|    127830|
|       539|       572|       178|    127837|     34628|    127830|    128008|
|       568|       572|       312|    128015|    101910|    128008|    128320|
|       527|       576|       238|    128327|     58924|    128320|    128558|
|       542|       577|       281|    128565|     81265|    128558|    128839|
|       507|       578|       422|    128846|    182274|    128839|    129261|
|       558|       578|       425|    129268|    183970|    129261|    129686|
|       565|       578|       266|    129693|     72792|    129686|    129952|
|       546|       580|       442|    129959|    197787|    129952|    130394|
|       494|       581|       302|    130401|     93016|    130394|    130696|
|       544|       581|        49|    130703|      2388|    130696|    130745|
|       575|       583|       180|    130752|     35167|    130745|    130925|
|       525|       584|        28|    130932|       839|    130925|    130953|
|       510|       585|        25|    130960|       704|    130953|    130978|
|       502|       586|       143|    130985|     22850|    130978|    131121|
|       587|       586|        54|    131128|      2958|    131121|    131175|
|       491|       588|       302|    131182|     93318|    131175|    131477|
|       498|       591|        91|    131484|      8861|    131477|    131568|
|       557|       592|       234|    131575|     56803|    131568|    131802|
|       554|       593|       281|    131809|     81546|    131802|    132083|
|       553|       595|         4|    132090|       599|    132083|    132087|
|       506|       597|       306|    132094|     97579|    132087|    132393|
|       569|       598|       377|    132400|    146545|    132393|    132770|
|       532|       600|       323|    132777|    107657|    132770|    133093|
|       534|       601|       234|    133100|     57037|    133093|    133327|
|       518|       607|        67|    133334|      4094|    133327|    133394|
|       533|       607|       412|    133401|    171421|    133394|    133806|
|       578|       607|       222|    133813|     50872|    133806|    134028|
|       526|       608|       320|    134035|    105084|    134028|    134348|
|       548|       609|       420|    134355|    179748|    134348|    134768|
|       566|       610|       376|    134775|    144662|    134768|    135144|
|       545|       611|       355|    135151|    129644|    135144|    135499|
|       547|       611|       309|    135506|    100047|    135499|    135808|
|       599|       611|       417|    135815|    176815|    135808|    136225|
|       593|       612|       172|    136232|     31817|    136225|    136397|
|       528|       613|       446|    136404|    200008|    136397|    136843|
|       536|       615|       162|    136850|     28472|    136843|    137005|
|       591|       615|         3|    137012|       618|    137005|    137008|
|       537|       616|       466|    137015|    215945|    137008|    137474|
|       564|       617|       191|    137481|     40913|    137474|    137665|
|       531|       621|       157|    137672|     27350|    137665|    137822|
|       549|       621|         8|    137829|       638|    137822|    137830|
|       560|       621|       166|    137837|     29958|    137830|    137996|
|       584|       622|         7|    138003|       630|    137996|    138003|
|       529|       625|       438|    138010|    196467|    138003|    138441|
|       540|       626|        27|    138448|       777|    138441|    138468|
|       572|       627|        19|    138475|       657|    138468|    138487|
|       579|       627|       236|    138494|     58212|    138487|    138723|
|       561|       630|        22|    138730|       679|    138723|    138745|
|       576|       632|       499|    138752|    242608|    138745|    139244|
|       550|       634|       432|    139251|    191676|    139244|    139676|
|       627|       635|       413|    139683|    171834|    139676|    140089|
|       597|       636|       419|    140096|    178909|    140089|    140508|
|       630|       636|       171|    140515|     31474|    140508|    140679|
|       586|       637|       289|    140686|     84412|    140679|    140968|
|       610|       637|       274|    140975|     77934|    140968|    141242|
|       617|       637|       126|    141249|     17629|    141242|    141368|
|       551|       638|       132|    141375|     19962|    141368|    141500|
|       588|       638|       176|    141507|     33388|    141500|    141676|
|       615|       638|        34|    141683|      1341|    141676|    141710|
|       562|       639|       493|    141717|    234674|    141710|    142203|
|       552|       640|       448|    142210|    202692|    142203|    142651|
|       595|       640|       372|    142658|    142047|    142651|    143023|
|       543|       641|       187|    143030|     38643|    143023|    143210|
|       555|       641|       329|    143217|    113534|    143210|    143539|
|       563|       641|       353|    143546|    127871|    143539|    143892|
|       571|       641|        72|    143899|      5342|    143892|    143964|
|       633|       641|       448|    143971|    203140|    143964|    144412|
|       577|       643|        78|    144419|      6234|    144412|    144490|
|       611|       643|        25|    144497|       750|    144490|    144515|
|       629|       643|        31|    144522|      1180|    144515|    144546|
|       589|       644|       200|    144553|     43466|    144546|    144746|
|       605|       644|       336|    144753|    118193|    144746|    145082|
|       559|       645|        83|    145089|      7122|    145082|    145165|
|       585|       645|       215|    145172|     48674|    145165|    145380|
|       590|       645|       372|    145387|    142419|    145380|    145752|
|       570|       646|       492|    145759|    234181|    145752|    146244|
|       602|       646|       102|    146251|     10912|    146244|    146346|
|       638|       646|       460|    146353|    212234|    146346|    146806|
|       650|       649|       341|    146813|    120572|    146806|    147147|
|       567|       650|       130|    147154|     18912|    147147|    147277|
|       573|       650|        46|    147284|      2197|    147277|    147323|
|       574|       651|       469|    147330|    217351|    147323|    147792|
|       619|       653|       213|    147799|     48031|    147792|    148005|
|       583|       654|       272|    148012|     76567|    148005|    148277|
|       645|       655|       165|    148284|     28965|    148277|    148442|
|       580|       660|       132|    148449|     20094|    148442|    148574|
|       604|       661|       269|    148581|     74400|    148574|    148843|
|       582|       662|       366|    148850|    136497|    148843|    149209|
|       655|       662|       369|    149216|    137600|    149209|    149578|
|       613|       663|        85|    149585|      7459|    149578|    149663|
|       581|       664|       101|    149670|     10607|    149663|    149764|
|       621|       666|       369|    149771|    137969|    149764|    150133|
|       614|       668|       149|    150140|     24744|    150133|    150282|
|       622|       668|       187|    150289|     38830|    150282|    150469|
|       628|       669|        91|    150476|      8952|    150469|    150560|
|       592|       670|       358|    150567|    131429|    150560|    150918|
|       609|       670|       371|    150925|    140190|    150918|    151289|
|       603|       671|       186|    151296|     38084|    151289|    151475|
|       656|       674|        79|    151482|      6469|    151475|    151554|
|       666|       674|       156|    151561|     26879|    151554|    151710|
|       646|       675|       118|    151717|     14678|    151710|    151828|
|       654|       675|        97|    151835|      9613|    151828|    151925|
|       624|       677|       271|    151932|     75751|    151925|    152196|
|       682|       681|       457|    152203|    209023|    152196|    152653|
|       648|       682|        67|    152660|      4161|    152653|    152720|
|       616|       683|       225|    152727|     52661|    152720|    152945|
|       612|       684|       358|    152952|    131787|    152945|    153303|
|       634|       684|       149|    153310|     24893|    153303|    153452|
|       600|       685|       179|    153459|     34807|    153452|    153631|
|       598|       686|        54|    153638|      3012|    153631|    153685|
|       608|       687|       409|    153692|    168550|    153685|    154094|
|       594|       691|       456|    154101|    208566|    154094|    154550|
|       680|       691|       404|    154557|    164078|    154550|    154954|
|       674|       692|       171|    154961|     31645|    154954|    155125|
|       596|       693|        29|    155132|       957|    155125|    155154|
|       677|       693|       350|    155161|    125412|    155154|    155504|
|       607|       694|       390|    155511|    157307|    155504|    155894|
|       637|       696|       377|    155901|    146922|    155894|    156271|
|       601|       697|        13|    156278|       717|    156271|    156284|
|       667|       697|       499|    156291|    243107|    156284|    156783|
|       643|       698|       181|    156790|     36068|    156783|    156964|
|       644|       698|       236|    156971|     58448|    156964|    157200|
|       606|       699|       425|    157207|    184395|    157200|    157625|
|       632|       699|       471|    157632|    219233|    157625|    158096|
|       659|       699|        32|    158103|      1274|    158096|    158128|
|       664|       699|        71|    158135|      5057|    158128|    158199|
|       702|       702|       120|    158206|     15277|    158199|    158319|
|       618|       704|       130|    158326|     19042|    158319|    158449|
|       640|       705|       321|    158456|    106367|    158449|    158770|
|       700|       705|       100|    158777|     10304|    158770|    158870|
|       626|       707|       354|    158877|    128225|    158870|    159224|
|       636|       707|       496|    159231|    240119|    159224|    159720|
|       678|       708|        87|    159727|      8060|    159720|    159807|
|       703|       708|       265|    159814|     72261|    159807|    160072|
|       635|       709|       110|    160079|     12501|    160072|    160182|
|       705|       710|       285|    160189|     82683|    160182|    160467|
|       620|       711|       188|    160474|     39581|    160467|    160655|
|       692|       713|        75|    160662|      6004|    160655|    160730|
|       625|       714|       354|    160737|    128579|    160730|    161084|
|       660|       714|        86|    161091|      7800|    161084|    161170|
|       698|       714|       487|    161177|    230756|    161170|    161657|
|       699|       714|       288|    161664|     83545|    161657|    161945|
|       658|       715|       414|    161952|    173902|    161945|    162359|
|       663|       715|       243|    162366|     61094|    162359|    162602|
|       651|       716|       115|    162609|     13628|    162602|    162717|
|       623|       719|       256|    162724|     67820|    162717|    162973|
|       631|       720|       249|    162980|     64539|    162973|    163222|
|       653|       720|       219|    163229|     49329|    163222|    163441|
|       662|       721|       462|    163448|    213157|    163441|    163903|
|       686|       721|       259|    163910|     69110|    163903|    164162|
|       689|       722|       227|    164169|     53339|    164162|    164389|
|       642|       723|       376|    164396|    145038|    164389|    164765|
|       717|       723|       459|    164772|    211774|    164765|    165224|
|       681|       725|       153|    165231|     26103|    165224|    165377|
|       652|       728|       186|    165384|     38270|    165377|    165563|
|       639|       729|        74|    165570|      5780|    165563|    165637|
|       673|       730|       425|    165644|    184820|    165637|    166062|
|       726|       731|       416|    166069|    175564|    166062|    166478|
|       694|       732|         8|    166485|       740|    166478|    166486|
|       690|       734|       104|    166493|     11635|    166486|    166590|
|       716|       734|       389|    166597|    154969|    166590|    166979|
|       720|       734|       135|    166986|     21028|    166979|    167114|
|       649|       735|       302|    167121|     93620|    167114|    167416|
|       647|       736|       154|    167423|     26257|    167416|    167570|
|       695|       736|       239|    167577|     59163|    167570|    167809|
|       685|       737|        81|    167816|      6710|    167809|    167890|
|       734|       737|       339|    167897|    118870|    167890|    168229|
|       641|       739|       144|    168236|     23426|    168229|    168373|
|       670|       740|       242|    168380|     60851|    168373|    168615|
|       676|       742|       220|    168622|     50209|    168615|    168835|
|       672|       743|        79|    168842|      6548|    168835|    168914|
|       683|       743|       167|    168921|     30292|    168914|    169081|
|       724|       743|       274|    169088|     78208|    169081|    169355|
|       657|       745|       169|    169362|     30795|    169355|    169524|
|       711|       748|       458|    169531|    209938|    169524|    169982|
|       722|       748|       364|    169989|    135035|    169982|    170346|
|       738|       748|       302|    170353|     93922|    170346|    170648|
|       687|       749|       334|    170655|    116850|    170648|    170982|
|       709|       749|       255|    170989|     67308|    170982|    171237|
|       669|       750|        84|    171244|      7374|    171237|    171321|
|       730|       750|        34|    171328|      1375|    171321|    171355|
|       707|       751|       497|    171362|    241113|    171355|    171852|
|       737|       751|       147|    171859|     24447|    171852|    171999|
|       749|       751|       447|    172006|    200902|    171999|    172446|
|       661|       754|        85|    172453|      7544|    172446|    172531|
|       665|       754|       303|    172538|     94528|    172531|    172834|
|       706|       755|       373|    172841|    143538|    172834|    173207|
|       679|       756|       165|    173214|     29130|    173207|    173372|
|       675|       759|       494|    173379|    235662|    173372|    173866|
|       733|       759|       497|    173873|    241610|    173866|    174363|
|       696|       761|       389|    174370|    155358|    174363|    174752|
|       710|       761|       245|    174759|     62317|    174752|    174997|
|       668|       762|       312|    175004|    102222|    174997|    175309|
|       731|       762|       301|    175316|     92110|    175309|    175610|
|       671|       763|        71|    175617|      5128|    175610|    175681|
|       721|       763|       350|    175688|    125762|    175681|    176031|
|       753|       763|       389|    176038|    155747|    176031|    176420|
|       740|       764|       298|    176427|     90013|    176420|    176718|
|       735|       766|       263|    176725|     71202|    176718|    176981|
|       754|       769|       114|    176988|     13284|    176981|    177095|
|       760|       770|       121|    177102|     15519|    177095|    177216|
|       714|       771|       123|    177223|     16252|    177216|    177339|
|       704|       773|       233|    177346|     56569|    177339|    177572|
|       739|       773|        63|    177579|      3769|    177572|    177635|
|       691|       774|       244|    177642|     61582|    177635|    177879|
|       758|       774|       419|    177886|    179328|    177879|    178298|
|       713|       775|       402|    178305|    162063|    178298|    178700|
|       764|       775|       164|    178707|     28800|    178700|    178864|
|       761|       776|       344|    178871|    121602|    178864|    179208|
|       688|       777|       347|    179215|    125062|    179208|    179555|
|       728|       777|       226|    179562|     53112|    179555|    179781|
|       752|       777|       181|    179788|     36249|    179781|    179962|
|       773|       778|       447|    179969|    201349|    179962|    180409|
|       718|       779|       259|    180416|     69369|    180409|    180668|
|       708|       781|       235|    180675|     57740|    180668|    180903|
|       684|       782|       114|    180910|     13398|    180903|    181017|
|       697|       782|       174|    181024|     32512|    181017|    181191|
|       693|       787|       204|    181198|     44481|    181191|    181395|
|       786|       787|       155|    181402|     26412|    181395|    181550|
|       762|       788|       437|    181557|    195591|    181550|    181987|
|       732|       789|       293|    181994|     86163|    181987|    182280|
|       744|       789|       404|    182287|    164482|    182280|    182684|
|       701|       791|       111|    182691|     12944|    182684|    182795|
|       784|       792|        40|    182802|      1710|    182795|    182835|
|       783|       793|       376|    182842|    145414|    182835|    183211|
|       715|       794|       428|    183218|    188235|    183211|    183639|
|       736|       794|       296|    183646|     88525|    183639|    183935|
|       759|       794|       331|    183942|    114854|    183935|    184266|
|       742|       795|       130|    184273|     19172|    184266|    184396|
|       723|       796|       177|    184403|     34272|    184396|    184573|
|       725|       799|       256|    184580|     68076|    184573|    184829|
|       729|       801|       328|    184836|    112547|    184829|    185157|
|       774|       802|       124|    185164|     16624|    185157|    185281|
|       719|       803|       276|    185288|     79035|    185281|    185557|
|       790|       804|       269|    185564|     74669|    185557|    185826|
|       788|       805|       227|    185833|     53566|    185826|    186053|
|       770|       807|       145|    186060|     23860|    186053|    186198|
|       712|       809|       381|    186205|    150336|    186198|    186579|
|       769|       809|       356|    186586|    130000|    186579|    186935|
|       777|       809|       314|    186942|    102536|    186935|    187249|
|       747|       810|       276|    187256|     79311|    187249|    187525|
|       763|       810|       366|    187532|    136863|    187525|    187891|
|       800|       810|       413|    187898|    172247|    187891|    188304|
|       767|       811|       322|    188311|    107011|    188304|    188626|
|       727|       812|       169|    188633|     30964|    188626|    188795|
|       751|       813|        62|    188802|      3706|    188795|    188857|
|       765|       817|         6|    188864|       823|    188857|    188863|
|       817|       817|        31|    188870|      1211|    188863|    188894|
|       748|       818|       371|    188901|    140561|    188894|    189265|
|       772|       818|       433|    189272|    192109|    189265|    189698|
|       798|       819|       195|    189705|     41880|    189698|    189893|
|       792|       820|       408|    189900|    167732|    189893|    190301|
|       768|       821|       109|    190308|     12172|    190301|    190410|
|       771|       821|       109|    190417|     12281|    190410|    190519|
|       797|       824|        88|    190526|      8411|    190519|    190607|
|       814|       825|       176|    190614|     33564|    190607|    190783|
|       794|       827|       180|    190790|     35347|    190783|    190963|
|       824|       829|       160|    190970|     27827|    190963|    191123|
|       789|       830|        13|    191130|       860|    191123|    191136|
|       745|       832|       266|    191143|     73058|    191136|    191402|
|       791|       832|        31|    191409|      1242|    191402|    191433|
|       757|       833|       167|    191440|     30459|    191433|    191600|
|       780|       833|       122|    191607|     16129|    191600|    191722|
|       829|       833|       344|    191729|    121946|    191722|    192066|
|       815|       834|        78|    192073|      6312|    192066|    192144|
|       746|       835|       379|    192151|    148435|    192144|    192523|
|       796|       836|         8|    192530|       847|    192523|    192531|
|       801|       836|       484|    192538|    228329|    192531|    193015|
|       812|       836|        58|    193022|      3402|    193015|    193073|
|       806|       838|       224|    193080|     52212|    193073|    193297|
|       816|       838|        34|    193304|      1409|    193297|    193331|
|       741|       839|       495|    193338|    237641|    193331|    193826|
|       743|       840|       180|    193833|     35527|    193826|    194006|
|       750|       840|       191|    194013|     41104|    194006|    194197|
|       778|       841|       198|    194204|     42668|    194197|    194395|
|       819|       841|       495|    194402|    238136|    194395|    194890|
|       820|       842|       307|    194897|     98193|    194890|    195197|
|       782|       846|       356|    195204|    130356|    195197|    195553|
|       779|       848|       299|    195560|     91209|    195553|    195852|
|       755|       849|       468|    195859|    216413|    195852|    196320|
|       756|       849|       426|    196327|    185672|    196320|    196746|
|       795|       849|        50|    196753|      2488|    196746|    196796|
|       793|       851|        89|    196803|      8589|    196796|    196885|
|       818|       851|       384|    196892|    152255|    196885|    197269|
|       845|       851|       292|    197276|     85577|    197269|    197561|
|       847|       851|        37|    197568|      1518|    197561|    197598|
|       813|       853|       413|    197605|    172660|    197598|    198011|
|       837|       854|       426|    198018|    186098|    198011|    198437|
|       766|       855|       478|    198444|    223040|    198437|    198915|
|       776|       855|       404|    198922|    164886|    198915|    199319|
|       805|       855|       167|    199326|     30626|    199319|    199486|
|       841|       855|       449|    199493|    204487|    199486|    199935|
|       840|       856|       127|    199942|     18010|    199935|    200062|
|       852|       857|        20|    200069|       919|    200062|    200082|
|       775|       859|       411|    200089|    171009|    200082|    200493|
|       807|       860|        68|    200500|      4432|    200493|    200561|
|       821|       864|       484|    200568|    228813|    200561|    201045|
|       825|       864|       115|    201052|     13743|    201045|    201160|
|       787|       865|       101|    201167|     10708|    201160|    201261|
|       854|       865|        13|    201268|       878|    201261|    201274|
|       785|       866|       329|    201281|    113863|    201274|    201603|
|       858|       868|        72|    201610|      5414|    201603|    201675|
|       811|       869|       443|    201682|    198673|    201675|    202118|
|       809|       870|       165|    202125|     29295|    202118|    202283|
|       810|       871|       231|    202290|     55174|    202283|    202514|
|       831|       873|       407|    202521|    166916|    202514|    202921|
|       866|       873|       380|    202928|    149955|    202921|    203301|
|       781|       874|       486|    203308|    230269|    203301|    203787|
|       826|       876|         9|    203794|       895|    203787|    203796|
|       857|       876|       387|    203803|    153414|    203796|    204183|
|       799|       877|         8|    204190|       886|    204183|    204191|
|       804|       879|        54|    204198|      3066|    204191|    204245|
|       832|       879|       115|    204252|     13858|    204245|    204360|
|       848|       879|       139|    204367|     21578|    204360|    204499|
|       861|       879|       165|    204506|     29460|    204499|    204664|
|       849|       881|       305|    204671|     96051|    204664|    204969|
|       828|       882|       327|    204976|    111891|    204969|    205296|
|       808|       883|        37|    205303|      1555|    205296|    205333|
|       822|       885|       438|    205340|    196905|    205333|    205771|
|       863|       885|       406|    205778|    166102|    205771|    206177|
|       867|       885|       331|    206184|    115185|    206177|    206508|
|       885|       889|         9|    206515|       904|    206508|    206517|
|       803|       891|        33|    206524|      1307|    206517|    206550|
|       823|       891|       182|    206557|     36613|    206550|    206732|
|       843|       891|       330|    206739|    114523|    206732|    207062|
|       851|       893|       276|    207069|     79587|    207062|    207338|
|       883|       895|       447|    207345|    201796|    207338|    207785|
|       802|       898|        98|    207792|      9906|    207785|    207883|
|       839|       898|       462|    207890|    213619|    207883|    208345|
|       844|       898|       117|    208352|     14091|    208345|    208462|
|       889|       901|       304|    208469|     95136|    208462|    208766|
|       862|       902|       420|    208773|    180168|    208766|    209186|
|       890|       903|        85|    209193|      7629|    209186|    209271|
|       884|       904|       246|    209278|     63301|    209271|    209517|
|       904|       907|       309|    209524|    100356|    209517|    209826|
|       827|       909|       311|    209833|    101598|    209826|    210137|
|       869|       909|       175|    210144|     33036|    210137|    210312|
|       910|       911|       110|    210319|     12611|    210312|    210422|
|       860|       912|       155|    210429|     26567|    210422|    210577|
|       876|       912|       132|    210584|     20226|    210577|    210709|
|       835|       913|       254|    210716|     66799|    210709|    210963|
|       875|       913|       350|    210970|    126112|    210963|    211313|
|       868|       915|       234|    211320|     57271|    211313|    211547|
|       859|       916|       338|    211554|    118531|    211547|    211885|
|       879|       916|        43|    211892|      1879|    211885|    211928|
|       865|       917|       414|    211935|    174316|    211928|    212342|
|       915|       918|       161|    212349|     28310|    212342|    212503|
|       838|       919|        67|    212510|      4228|    212503|    212570|
|       872|       919|       239|    212577|     59402|    212570|    212809|
|       912|       919|       402|    212816|    162465|    212809|    213211|
|       880|       920|       403|    213218|    163271|    213211|    213614|
|       898|       921|         9|    213621|       930|    213614|    213623|
|       830|       922|       132|    213630|     20358|    213623|    213755|
|       856|       922|       140|    213762|     21858|    213755|    213895|
|       842|       924|       485|    213902|    229298|    213895|    214380|
|       850|       924|       489|    214387|    232708|    214380|    214869|
|       893|       924|       196|    214876|     42272|    214869|    215065|
|       833|       925|       325|    215072|    108955|    215065|    215390|
|       871|       925|        72|    215397|      5486|    215390|    215462|
|       836|       926|       361|    215469|    133947|    215462|    215823|
|       908|       926|       144|    215830|     23570|    215823|    215967|
|       888|       928|        97|    215974|      9710|    215967|    216064|
|       834|       929|       325|    216071|    109280|    216064|    216389|
|       896|       929|        36|    216396|      1481|    216389|    216425|
|       853|       932|       220|    216432|     50429|    216425|    216645|
|       906|       934|       174|    216652|     32686|    216645|    216819|
|       909|       934|       202|    216826|     43668|    216819|    217021|
|       922|       934|       418|    217028|    177233|    217021|    217439|
|       886|       935|       148|    217446|     24595|    217439|    217587|
|       870|       936|       320|    217594|    105404|    217587|    217907|
|       900|       937|        74|    217914|      5854|    217907|    217981|
|       855|       940|       265|    217988|     72526|    217981|    218246|
|       882|       940|       119|    218253|     14797|    218246|    218365|
|       935|       942|       241|    218372|     59883|    218365|    218606|
|       846|       943|       423|    218613|    182697|    218606|    219029|
|       901|       944|       182|    219036|     36795|    219029|    219211|
|       881|       947|       210|    219218|     46969|    219211|    219421|
|       907|       947|       206|    219428|     45715|    219421|    219627|
|       873|       948|       495|    219634|    238631|    219627|    220122|
|       940|       948|       199|    220129|     42867|    220122|    220321|
|       916|       949|       369|    220328|    138338|    220321|    220690|
|       925|       949|       409|    220697|    168959|    220690|    221099|
|       937|       949|       477|    221106|    222084|    221099|    221576|
|       934|       950|       180|    221583|     35707|    221576|    221756|
|       877|       951|       128|    221763|     18266|    221756|    221884|
|       918|       951|        50|    221891|      2538|    221884|    221934|
|       903|       957|        53|    221941|      2797|    221934|    221987|
|       932|       957|       191|    221994|     41295|    221987|    222178|
|       897|       958|       494|    222185|    236156|    222178|    222672|
|       902|       958|        46|    222679|      2243|    222672|    222718|
|       864|       959|       399|    222725|    160461|    222718|    223117|
|       887|       960|       299|    223124|     91508|    223117|    223416|
|       961|       961|       470|    223423|    218291|    223416|    223886|
|       963|       962|        85|    223893|      7714|    223886|    223971|
|       911|       964|       232|    223978|     55870|    223971|    224203|
|       945|       965|       433|    224210|    192542|    224203|    224636|
|       952|       965|       403|    224643|    163674|    224636|    225039|
|       962|       965|       199|    225046|     43066|    225039|    225238|
|       874|       966|        71|    225245|      5199|    225238|    225309|
|       928|       970|       134|    225316|     20759|    225309|    225443|
|       944|       970|        20|    225450|      1011|    225443|    225463|
|       955|       971|       182|    225470|     36977|    225463|    225645|
|       920|       973|         3|    225652|       976|    225645|    225648|
|       943|       973|       326|    225655|    110584|    225648|    225974|
|       956|       973|       234|    225981|     57505|    225974|    226208|
|       891|       974|        91|    226215|      9043|    226208|    226299|
|       892|       974|       117|    226306|     14208|    226299|    226416|
|       930|       974|       478|    226423|    223518|    226416|    226894|
|       878|       976|        29|    226901|      1120|    226894|    226923|
|       919|       977|        68|    226930|      4500|    226923|    226991|
|       895|       978|       332|    226998|    115849|    226991|    227323|
|       964|       981|        68|    227330|      4568|    227323|    227391|
|       942|       982|        39|    227398|      1670|    227391|    227430|
|       965|       982|       404|    227437|    165290|    227430|    227834|
|       894|       985|       427|    227841|    187379|    227834|    228261|
|       931|       987|       326|    228268|    110910|    228261|    228587|
|       927|       988|       294|    228594|     86457|    228587|    228881|
|       905|       989|        63|    228888|      3832|    228881|    228944|
|       980|       989|       488|    228951|    232219|    228944|    229432|
|       936|       990|       249|    229439|     64788|    229432|    229681|
|       917|       991|        78|    229688|      6390|    229681|    229759|
|       958|       991|       420|    229766|    180588|    229759|    230179|
|       971|       992|       212|    230186|     47605|    230179|    230391|
|       899|       993|       186|    230398|     38456|    230391|    230577|
|       939|       996|       431|    230584|    190812|    230577|    231008|
|       924|       997|       268|    231015|     73862|    231008|    231276|
|       968|       997|       254|    231283|     67053|    231276|    231530|
|       926|       999|       487|    231537|    231243|    231530|    232017|
|       929|      1000|        37|    232024|      1592|    232017|    232054|
|       923|      1002|       485|    232061|    229783|    232054|    232539|
|       933|      1003|       279|    232546|     80422|    232539|    232818|
|       954|      1003|       428|    232825|    188663|    232818|    233246|
|       996|      1003|       409|    233253|    169368|    233246|    233655|
|       949|      1004|        45|    233662|      2059|    233655|    233700|
|       914|      1005|       305|    233707|     96356|    233700|    234005|
|       913|      1006|        26|    234012|      1071|    234005|    234031|
|       973|      1007|       149|    234038|     25042|    234031|    234180|
|       989|      1009|         9|    234187|      1020|    234180|    234189|
|       953|      1010|       184|    234196|     37528|    234189|    234373|
|       921|      1014|       324|    234380|    108305|    234373|    234697|
|       941|      1014|       134|    234704|     20893|    234697|    234831|
|       946|      1014|        25|    234838|      1045|    234831|    234856|
|       947|      1014|       253|    234863|     66291|    234856|    235109|
|       984|      1015|       225|    235116|     52886|    235109|    235334|
|       959|      1017|       250|    235341|     66038|    235334|    235584|
|       977|      1019|       189|    235591|     39770|    235584|    235773|
|       997|      1019|       371|    235780|    140932|    235773|    236144|
|       992|      1020|       223|    236151|     51540|    236144|    236367|
|       983|      1021|       227|    236374|     53793|    236367|    236594|
|       987|      1021|       457|    236601|    209480|    236594|    237051|
|       960|      1023|       169|    237058|     31133|    237051|    237220|
|       998|      1025|       423|    237227|    183120|    237220|    237643|
|       957|      1026|        87|    237650|      8147|    237643|    237730|
|       999|      1026|       117|    237737|     14325|    237730|    237847|
|       982|      1027|       246|    237854|     63547|    237847|    238093|
|       991|      1027|        86|    238100|      7886|    238093|    238179|
|       993|      1028|        29|    238186|      1149|    238179|    238208|
|       981|      1031|       305|    238215|     96661|    238208|    238513|
|       986|      1032|       180|    238520|     35887|    238513|    238693|
|       988|      1032|       371|    238700|    141303|    238693|    239064|
|       938|      1034|       360|    239071|    133586|    239064|    239424|
|       951|      1035|       346|    239431|    123674|    239424|    239770|
|       974|      1036|       378|    239777|    148056|    239770|    240148|
|       948|      1037|        71|    240155|      5270|    240148|    240219|
|       950|      1041|       184|    240226|     37712|    240219|    240403|
|       978|      1041|       125|    240410|     16999|    240403|    240528|
|       972|      1043|        82|    240535|      6956|    240528|    240610|
|       975|      1043|       222|    240617|     51094|    240610|    240832|
|       985|      1047|       275|    240839|     78483|    240832|    241107|
|       967|      1049|       117|    241114|     14442|    241107|    241224|
|       969|      1052|        20|    241231|      1091|    241224|    241244|
|       995|      1055|        53|    241251|      2850|    241244|    241297|
|       976|      1056|        58|    241304|      3460|    241297|    241355|
|      1000|      1057|       340|    241362|    119890|    241355|    241695|
|       970|      1058|       444|    241702|    199117|    241695|    242139|
|       966|      1064|        75|    242146|      6079|    242139|    242214|
|       979|      1069|       187|    242221|     39017|    242214|    242401|
|       994|      1079|       475|    242408|    221130|    242401|    242876|
|       990|      1086|       224|    242883|     52436|    242876|    243100|
