------------------------------------------------------------------------------
|      Name|   Arrival|     Burst|     Start|    Finish|   Waiting|TurnAround|
------------------------------------------------------------------------------
|         2|         7|       234|         7|       241|         0|       234|
|         9|        10|       357|       241|    130713|    130346|    130703|
|        11|        10|       211|       598|     47200|     46979|     47190|
|        15|        14|       422|       809|    181852|    181416|    181838|
|        19|        22|       391|      1231|    157698|    157285|    157676|
|         8|        23|       268|      1622|     73326|     73035|     73303|
|         1|        30|       295|      1890|     86752|     86427|     86722|
|         7|        30|        28|      2185|       834|       776|       804|
|        35|        36|       326|      2213|    109606|    109244|    109570|
|        34|        47|       144|      2539|     23205|     23014|     23158|
|        33|        48|       206|      2683|     45117|     44863|     45069|
|        32|        49|       407|      2889|    166509|    166053|    166460|
|        50|        49|        49|      3296|      2550|      2452|      2501|
|        24|        52|       245|      3345|     61827|     61530|     61775|
|         4|        54|       452|      3590|    205839|    205333|    205785|
|        27|        54|        68|      4042|      4507|      4385|      4453|
|        51|        56|       425|      4110|    183545|    183064|    183489|
|        23|        57|       288|      4535|     83257|     82912|     83200|
|        48|        57|        10|      4823|       259|       192|       202|
|        18|        58|       371|      4833|    139819|    139390|    139761|
|        59|        58|       259|      5204|     68851|     68534|     68793|
|        57|        59|        31|      5463|      1294|      1204|      1235|
|        16|        62|       384|      5494|    151103|    150657|    151041|
|        30|        62|       166|      5878|     29837|     29609|     29775|
|        37|        62|        69|      6044|      4848|      4717|      4786|
|        22|        63|        70|      6113|      5056|      4923|      4993|
|        43|        63|       430|      6183|    189951|    189458|    189888|
|        45|        63|       236|      6613|     57976|     57677|     57913|
|         6|        64|       261|      6849|     69890|     69565|     69826|
|        31|        69|       342|      7110|    120914|    120503|    120845|
|        26|        70|       346|      7452|    122982|    122566|    122912|
|        12|        71|       263|      7798|     70676|     70342|     70605|
|        39|        71|       355|      8061|    128934|    128508|    128863|
|        60|        71|       269|      8416|     74131|     73791|     74060|
|        58|        72|       270|      8685|     74939|     74597|     74867|
|        20|        76|       142|      8955|     22775|     22557|     22699|
|        53|        76|       134|      9097|     20836|     20626|     20760|
|         3|        77|       400|      9231|    160861|    160384|    160784|
|        55|        77|       258|      9631|     68334|     67999|     68257|
|        14|        80|       205|      9889|     44706|     44421|     44626|
|        46|        81|       156|     10094|     26934|     26697|     26853|
|        44|        82|       129|     10250|     18606|     18395|     18524|
|        10|        83|       450|     10379|    204937|    204404|    204854|
|        85|        84|       406|     10829|    165696|    165206|    165612|
|        65|        89|       161|     11235|     28199|     27949|     28110|
|        21|        94|       231|     11396|     54712|     54387|     54618|
|        56|        94|       340|     11627|    119210|    118776|    119116|
|        71|        94|        30|     11967|      1233|      1109|      1139|
|        68|        97|       167|     11997|     30336|     30072|     30239|
|        28|        98|       481|     12164|    225436|    224857|    225338|
|        98|        99|       272|     12645|     76023|     75652|     75924|
|        25|       100|       246|     12917|     62563|     62217|     62463|
|       100|       100|        82|     13163|      7003|      6821|      6903|
|        47|       101|       430|     13245|    190381|    189850|    190280|
|       101|       101|       319|     13675|    104124|    103704|    104023|
|        40|       102|        11|     13994|       280|       167|       178|
|         5|       103|       365|     14005|    135400|    134932|    135297|
|        75|       103|       353|     14370|    127518|    127062|    127415|
|        95|       103|       137|     14723|     21376|     21136|     21273|
|        13|       105|       360|     14860|    132506|    132041|    132401|
|       106|       106|        28|     15220|       948|       814|       842|
|        41|       107|        36|     15248|      1656|      1513|      1549|
|        78|       107|        62|     15284|      3855|      3686|      3748|
|        42|       108|       483|     15346|    227362|    226771|    227254|
|        54|       108|       250|     15829|     65038|     64680|     64930|
|        17|       109|       131|     16079|     19514|     19274|     19405|
|       109|       109|       362|     16210|    134309|    133838|    134200|
|        66|       111|       304|     16572|     94832|     94417|     94721|
|        99|       114|       248|     16876|     64042|     63680|     63928|
|        84|       115|       278|     17124|     79865|     79472|     79750|
|        72|       116|       474|     17402|    219707|    219117|    219591|
|        52|       119|       284|     17876|     82113|     81710|     81994|
|        76|       119|       392|     18160|    158481|    157970|    158362|
|        29|       122|        69|     18552|      4917|      4726|      4795|
|        93|       122|       217|     18621|     49122|     48783|     49000|
|        49|       123|       293|     18838|     85870|     85454|     85747|
|        38|       124|       240|     19131|     59642|     59278|     59518|
|       113|       125|       268|     19371|     73594|     73201|     73469|
|        36|       126|       496|     19639|    239127|    238505|    239001|
|       110|       126|       368|     20135|    137231|    136737|    137105|
|       117|       126|       190|     20503|     40171|     39855|     40045|
|       121|       126|       214|     20693|     48476|     48136|     48350|
|       120|       130|       224|     20907|     51995|     51641|     51865|
|        63|       131|       103|     21131|     11226|     10992|     11095|
|        89|       134|       295|     21234|     87047|     86618|     86913|
|       133|       134|       322|     21529|    106689|    106233|    106555|
|        96|       135|       449|     21851|    203589|    203005|    203454|
|       125|       136|       274|     22300|     77660|     77250|     77524|
|       134|       136|        46|     22574|      2316|      2134|      2180|
|        91|       140|        89|     22620|      8711|      8482|      8571|
|       104|       140|       232|     22709|     55406|     55034|     55266|
|       143|       142|       478|     22941|    222562|    221942|    222420|
|        94|       144|       344|     23419|    121258|    120770|    121114|
|        83|       145|       345|     23763|    122291|    121801|    122146|
|       145|       145|        18|     24108|       316|       153|       171|
|        62|       146|       122|     24126|     15852|     15584|     15706|
|        79|       146|       321|     24248|    105725|    105258|    105579|
|        80|       148|       270|     24569|     75209|     74791|     75061|
|       146|       148|       151|     24839|     25704|     25405|     25556|
|        70|       151|       184|     24990|     37555|     37220|     37404|
|        61|       152|       102|     25174|     11021|     10767|     10869|
|        77|       152|       307|     25276|     97886|     97427|     97734|
|        69|       153|       203|     25583|     43891|     43535|     43738|
|       116|       153|       157|     25786|     27247|     26937|     27094|
|       127|       153|       290|     25943|     84702|     84259|     84549|
|        64|       155|       370|     26233|    138708|    138183|    138553|
|        86|       155|       325|     26603|    108630|    108150|    108475|
|        67|       156|       427|     26928|    186525|    185942|    186369|
|        88|       159|       385|     27355|    152640|    152096|    152481|
|        97|       159|       414|     27740|    173074|    172501|    172915|
|       159|       160|        47|     28154|      2501|      2294|      2341|
|       105|       161|         8|     28201|       249|        80|        88|
|       122|       161|       297|     28209|     88822|     88364|     88661|
|       102|       162|       129|     28506|     18735|     18444|     18573|
|       118|       162|       129|     28635|     18864|     18573|     18702|
|       137|       162|       445|     28764|    199562|    198955|    199400|
|       119|       164|       273|     29209|     76840|     76403|     76676|
|       160|       166|       250|     29482|     65288|     64872|     65122|
|       150|       168|       183|     29732|     37371|     37020|     37203|
|        73|       169|       137|     29915|     21513|     21207|     21344|
|        87|       169|       347|     30052|    124021|    123505|    123852|
|       132|       169|        73|     30399|      5770|      5528|      5601|
|       128|       170|       370|     30472|    139078|    138538|    138908|
|       144|       170|       459|     30842|    210397|    209768|    210227|
|        74|       171|       103|     31301|     11329|     11055|     11158|
|        90|       174|       373|     31404|    142792|    142245|    142618|
|       115|       174|       190|     31777|     40361|     39997|     40187|
|        81|       175|       464|     31967|    214083|    213444|    213908|
|        82|       175|       250|     32431|     65538|     65113|     65363|
|       141|       178|       309|     32681|     98502|     98015|     98324|
|       158|       178|       299|     32990|     90312|     89835|     90134|
|       175|       178|        99|     33289|     10216|      9939|     10038|
|       177|       178|        75|     33388|      6140|      5887|      5962|
|       140|       179|       328|     33463|    112219|    111712|    112040|
|       124|       180|       145|     33791|     23926|     23601|     23746|
|       170|       180|       263|     33936|     70939|     70496|     70759|
|       111|       181|        21|     34199|       355|       153|       174|
|       103|       182|       309|     34220|     98811|     98320|     98629|
|       139|       183|       232|     34529|     55638|     55223|     55455|
|       152|       184|       466|     34761|    215479|    214829|    215295|
|        92|       187|       310|     35227|    100666|    100169|    100479|
|       123|       189|       302|     35537|     92412|     91921|     92223|
|       148|       189|       229|     35839|     54481|     54063|     54292|
|       138|       190|       434|     36068|    192976|    192352|    192786|
|       131|       191|       296|     36502|     87933|     87446|     87742|
|       151|       192|        64|     36798|      4107|      3851|      3915|
|       129|       193|       309|     36862|     99120|     98618|     98927|
|       112|       194|       214|     37171|     48690|     48282|     48496|
|       161|       194|       186|     37385|     38109|     37729|     37915|
|       108|       195|       496|     37571|    239623|    238932|    239428|
|       130|       197|       141|     38067|     22210|     21872|     22013|
|       188|       197|       461|     38208|    212695|    212037|    212498|
|       149|       198|       289|     38669|     83834|     83347|     83636|
|       165|       199|        14|     38958|       294|        81|        95|
|       114|       203|       125|     38972|     16960|     16632|     16757|
|       172|       204|       228|     39097|     54252|     53820|     54048|
|       107|       205|       481|     39325|    225917|    225231|    225712|
|       168|       206|       141|     39806|     22351|     22004|     22145|
|       142|       207|       323|     39947|    107334|    106804|    107127|
|       164|       210|        27|     40270|       779|       542|       569|
|       186|       210|       133|     40297|     20702|     20359|     20492|
|       174|       212|        98|     40430|     10019|      9709|      9807|
|       126|       216|       297|     40528|     89119|     88606|     88903|
|       153|       218|       191|     40825|     40742|     40333|     40524|
|       182|       218|        56|     41016|      3443|      3169|      3225|
|       190|       218|        45|     41072|      2135|      1872|      1917|
|       156|       219|       370|     41117|    139448|    138859|    139229|
|       155|       221|       305|     41487|     95441|     94915|     95220|
|       173|       221|       470|     41792|    217821|    217130|    217600|
|       181|       221|       390|     42262|    156137|    155526|    155916|
|       222|       221|       147|     42652|     24364|     23996|     24143|
|       147|       224|       320|     42799|    104444|    103900|    104220|
|       187|       225|       351|     43119|    126463|    125887|    126238|
|       136|       226|        82|     43470|      7085|      6777|      6859|
|       191|       226|       244|     43552|     61338|     60868|     61112|
|       218|       226|       188|     43796|     39416|     39002|     39190|
|       135|       227|       384|     43984|    151487|    150876|    151260|
|       209|       227|       143|     44368|     22918|     22548|     22691|
|       198|       228|       206|     44511|     45323|     44889|     45095|
|       224|       228|       127|     44717|     17967|     17612|     17739|
|       184|       230|       273|     44844|     77113|     76610|     76883|
|       214|       230|        35|     45117|      1620|      1355|      1390|
|       185|       232|       295|     45152|     87342|     86815|     87110|
|       195|       232|       258|     45447|     68592|     68102|     68360|
|       211|       233|       103|     45705|     11432|     11096|     11199|
|       221|       233|       177|     45808|     33952|     33542|     33719|
|       226|       233|       417|     45985|    175981|    175331|    175748|
|       205|       235|        56|     46402|      3499|      3208|      3264|
|       166|       236|       374|     46458|    143912|    143302|    143676|
|       215|       236|       112|     46832|     13267|     12919|     13031|
|       162|       238|       203|     46944|     44094|     43653|     43856|
|       189|       241|       140|     47147|     21929|     21548|     21688|
|       233|       241|        10|     47287|       269|        18|        28|
|       208|       243|       122|     47297|     15974|     15609|     15731|
|       225|       243|       122|     47419|     16096|     15731|     15853|
|       240|       243|       220|     47541|     49780|     49317|     49537|
|       231|       245|       306|     47761|     96967|     96416|     96722|
|       238|       245|       495|     48067|    236651|    235911|    236406|
|       163|       246|        24|     48562|       439|       169|       193|
|       216|       246|       299|     48586|     90611|     90066|     90365|
|       199|       248|        64|     48885|      4171|      3859|      3923|
|       154|       249|       419|     48949|    177652|    176984|    177403|
|       176|       249|       346|     49368|    123328|    122733|    123079|
|       219|       249|       242|     49714|     60125|     59634|     59876|
|       250|       249|       391|     49956|    158089|    157449|    157840|
|       157|       250|       311|     50347|    101287|    100726|    101037|
|       223|       250|       190|     50658|     40551|     40111|     40301|
|       171|       251|       426|     50848|    185246|    184569|    184995|
|       193|       251|       262|     51274|     70413|     69900|     70162|
|       201|       251|        23|     51536|       395|       121|       144|
|       180|       252|       264|     51559|     71466|     70950|     71214|
|       249|       252|        97|     51823|      9727|      9378|      9475|
|       202|       253|        95|     51920|      9630|      9282|      9377|
|       206|       253|       465|     52015|    214548|    213830|    214295|
|       167|       254|       390|     52480|    156527|    155883|    156273|
|       169|       254|       329|     52870|    112876|    112293|    112622|
|       239|       254|       309|     53199|     99429|     98866|     99175|
|       183|       258|       321|     53508|    106046|    105467|    105788|
|       204|       259|       380|     53829|    148815|    148176|    148556|
|       241|       261|        18|     54209|       334|        55|        73|
|       178|       264|       242|     54227|     60367|     59861|     60103|
|       192|       266|       465|     54469|    215013|    214282|    214747|
|       234|       266|       198|     54934|     42490|     42026|     42224|
|       194|       267|        67|     55132|      4238|      3904|      3971|
|       203|       269|       479|     55199|    223997|    223249|    223728|
|       207|       269|       408|     55678|    167324|    166647|    167055|
|       179|       270|        73|     56086|      5843|      5500|      5573|
|       220|       270|        99|     56159|     10315|      9946|     10045|
|       228|       271|       137|     56258|     21650|     21242|     21379|
|       263|       271|       443|     56395|    198230|    197516|    197959|
|       213|       274|       324|     56838|    107981|    107383|    107707|
|       260|       276|       303|     57162|     94225|     93646|     93949|
|       266|       276|        30|     57465|      1263|       957|       987|
|       230|       278|       281|     57495|     80703|     80144|     80425|
|       277|       278|        94|     57776|      9441|      9069|      9163|
|       200|       280|       246|     57870|     62809|     62283|     62529|
|       232|       281|       161|     58116|     28360|     27918|     28079|
|       265|       285|       174|     58277|     32375|     31916|     32090|
|       275|       285|         4|     58451|       298|         9|        13|
|       212|       287|       440|     58455|    197345|    196618|    197058|
|       247|       288|       176|     58895|     33423|     32959|     33135|
|       254|       288|       195|     59071|     41510|     41027|     41222|
|       284|       288|       278|     59266|     80143|     79577|     79855|
|       210|       291|       383|     59544|    150719|    150045|    150428|
|       227|       292|       455|     59927|    207654|    206907|    207362|
|       196|       294|       428|     60382|    187807|    187085|    187513|
|       197|       294|        61|     60810|      3732|      3377|      3438|
|       278|       294|       481|     60871|    226398|    225623|    226104|
|       289|       294|        93|     61352|      9347|      8960|      9053|
|       257|       298|       256|     61445|     67564|     67010|     67266|
|       255|       299|       212|     61701|     47412|     46901|     47113|
|       287|       299|       497|     61913|    240616|    239820|    240317|
|       235|       300|       384|     62410|    151871|    151187|    151571|
|       293|       300|       224|     62794|     52219|     51695|     51919|
|       253|       301|       436|     63018|    194281|    193544|    193980|
|       259|       302|       317|     63454|    102853|    102234|    102551|
|       271|       302|       151|     63771|     25855|     25402|     25553|
|       282|       302|        39|     63922|      1842|      1501|      1540|
|       269|       304|       289|     63961|     84123|     83530|     83819|
|       252|       306|       372|     64250|    141675|    140997|    141369|
|       262|       308|       355|     64622|    129289|    128626|    128981|
|       267|       308|       429|     64977|    189092|    188355|    188784|
|       281|       308|       159|     65406|     27878|     27411|     27570|
|       217|       309|        42|     65565|      1963|      1612|      1654|
|       286|       309|       206|     65607|     45529|     45014|     45220|
|       229|       310|       490|     65813|    233198|    232398|    232888|
|       261|       310|       299|     66303|     90910|     90301|     90600|
|       288|       310|       358|     66602|    131071|    130403|    130761|
|       301|       311|       247|     66960|     63794|     63236|     63483|
|       248|       312|       188|     67207|     39604|     39104|     39292|
|       244|       315|       221|     67395|     50881|     50345|     50566|
|       236|       316|       177|     67616|     34129|     33636|     33813|
|       245|       320|       330|     67793|    114193|    113543|    113873|
|       237|       323|       378|     68123|    147300|    146599|    146977|
|       251|       323|       387|     68501|    153027|    152317|    152704|
|       242|       326|        56|     68888|      3555|      3173|      3229|
|       272|       330|       429|     68944|    189521|    188762|    189191|
|       291|       330|        55|     69373|      3332|      2947|      3002|
|       300|       330|       182|     69428|     36642|     36130|     36312|
|       315|       331|       220|     69610|     50000|     49449|     49669|
|       246|       334|       435|     69830|    193845|    193076|    193511|
|       294|       334|       150|     70265|     25403|     24919|     25069|
|       304|       335|       409|     70415|    168141|    167397|    167806|
|       279|       337|         1|     70824|       356|        18|        19|
|       243|       338|       332|     70825|    115517|    114847|    115179|
|       258|       339|       132|     71157|     19777|     19306|     19438|
|       317|       339|       116|     71289|     14185|     13730|     13846|
|       276|       340|       333|     71405|    116182|    115509|    115842|
|       325|       340|       103|     71738|     11535|     11092|     11195|
|       274|       341|        50|     71841|      2649|      2258|      2308|
|       280|       342|       400|     71891|    161261|    160519|    160919|
|       302|       342|       360|     72291|    132866|    132164|    132524|
|       312|       343|       471|     72651|    218762|    217948|    218419|
|       335|       343|       126|     73122|     17336|     16867|     16993|
|       297|       344|       128|     73248|     18349|     17877|     18005|
|       329|       345|       157|     73376|     27404|     26902|     27059|
|       330|       345|       432|     73533|    191244|    190467|    190899|
|       292|       348|        16|     73965|       372|         8|        24|
|       309|       348|       341|     73981|    120231|    119542|    119883|
|       331|       350|       180|     74322|     35198|     34668|     34848|
|       256|       352|       340|     74502|    119550|    118858|    119198|
|       342|       354|       118|     74842|     14771|     14299|     14417|
|       285|       355|       131|     74960|     19645|     19159|     19290|
|       339|       355|       447|     75091|    200455|    199653|    200100|
|       283|       356|        61|     75538|      3793|      3376|      3437|
|       264|       357|        69|     75599|      4986|      4560|      4629|
|       290|       357|       448|     75668|    202244|    201439|    201887|
|       350|       357|       437|     76116|    195154|    194360|    194797|
|       270|       360|       410|     76553|    169778|    169008|    169418|
|       268|       363|        45|     76963|      2180|      1772|      1817|
|       313|       364|        55|     77008|      3387|      2968|      3023|
|       273|       366|       126|     77063|     17462|     16970|     17096|
|       333|       366|       317|     77189|    103170|    102487|    102804|
|       341|       366|       410|     77506|    170188|    169412|    169822|
|       305|       367|       260|     77916|     69629|     69002|     69262|
|       307|       369|       474|     78176|    220181|    219338|    219812|
|       296|       371|       499|     78650|    242109|    241239|    241738|
|       299|       372|       479|     79149|    224476|    223625|    224104|
|       320|       373|       359|     79628|    132146|    131414|    131773|
|       349|       374|       178|     79987|     34661|     34109|     34287|
|       361|       375|        51|     80165|      2800|      2374|      2425|
|       364|       375|       265|     80216|     71731|     71091|     71356|
|       295|       376|       449|     80481|    204038|    203213|    203662|
|       319|       376|       456|     80930|    208110|    207278|    207734|
|       303|       377|       122|     81386|     16218|     15719|     15841|
|       345|       377|       271|     81508|     75480|     74832|     75103|
|       352|       381|       390|     81779|    156917|    156146|    156536|
|       343|       382|       291|     82169|     84993|     84320|     84611|
|       334|       384|       141|     82460|     22492|     21967|     22108|
|       336|       384|        84|     82601|      7417|      6949|      7033|
|       311|       388|       301|     82685|     91809|     91120|     91421|
|       383|       388|        45|     82986|      2225|      1792|      1837|
|       308|       389|       120|     83031|     15128|     14619|     14739|
|       328|       389|       459|     83151|    210856|    210008|    210467|
|       310|       391|       373|     83610|    143165|    142401|    142774|
|       323|       391|       238|     83983|     58686|     58057|     58295|
|       367|       391|       285|     84221|     82398|     81722|     82007|
|       298|       394|       164|     84506|     28847|     28289|     28453|
|       338|       394|        20|     84670|       415|         1|        21|
|       322|       398|        70|     84690|      5126|      4658|      4728|
|       372|       398|       101|     84760|     10616|     10117|     10218|
|       337|       399|        52|     84861|      2903|      2452|      2504|
|       378|       399|       174|     84913|     32549|     31976|     32150|
|       388|       399|        91|     85087|      8981|      8491|      8582|
|       392|       399|        81|     85178|      6840|      6360|      6441|
|       316|       400|       310|     85259|    100976|    100266|    100576|
|       369|       400|       403|     85569|    162868|    162065|    162468|
|       385|       400|       453|     85972|    206292|    205439|    205892|
|       306|       402|       306|     86425|     97273|     96565|     96871|
|       327|       402|       327|     86731|    111237|    110508|    110835|
|       340|       402|       115|     87058|     13724|     13207|     13322|
|       346|       402|       124|     87173|     16587|     16061|     16185|
|       353|       405|       488|     87297|    231731|    230838|    231326|
|       365|       405|       469|     87785|    216882|    216008|    216477|
|       371|       406|       242|     88254|     60609|     59961|     60203|
|       376|       407|       273|     88496|     77386|     76706|     76979|
|       314|       408|       170|     88769|     31514|     30936|     31106|
|       321|       410|       318|     88939|    103805|    103077|    103395|
|       348|       410|       296|     89257|     88229|     87523|     87819|
|       370|       411|        52|     89553|      2955|      2492|      2544|
|       344|       413|       231|     89605|     54943|     54299|     54530|
|       379|       414|       397|     89836|    159664|    158853|    159250|
|       404|       414|       107|     90233|     12058|     11537|     11644|
|       318|       416|       450|     90340|    205387|    204521|    204971|
|       324|       416|        15|     90790|       454|        23|        38|
|       359|       416|       309|     90805|     99738|     99013|     99322|
|       363|       418|       347|     91114|    124368|    123603|    123950|
|       402|       419|       298|     91461|     89417|     88700|     88998|
|       351|       420|       233|     91759|     56103|     55450|     55683|
|       326|       422|       495|     91992|    237146|    236229|    236724|
|       362|       422|       208|     92487|     45943|     45313|     45521|
|       360|       423|       380|     92695|    149195|    148392|    148772|
|       415|       423|        22|     93075|       487|        42|        64|
|       354|       424|       126|     93097|     17588|     17038|     17164|
|       332|       425|       336|     93223|    117521|    116760|    117096|
|       373|       427|       166|     93559|     30003|     29410|     29576|
|       410|       427|       286|     93725|     82969|     82256|     82542|
|       355|       428|       298|     94011|     89715|     88989|     89287|
|       403|       428|       261|     94309|     70151|     69462|     69723|
|       413|       432|       421|     94570|    181009|    180156|    180577|
|       398|       433|        90|     94991|      8890|      8367|      8457|
|       347|       434|       219|     95081|     49341|     48688|     48907|
|       382|       436|       173|     95300|     32201|     31592|     31765|
|       411|       437|        25|     95473|       618|       156|       181|
|       432|       438|        31|     95498|      1325|       856|       887|
|       400|       439|        83|     95529|      7250|      6728|      6811|
|       401|       439|       347|     95612|    124715|    123929|    124276|
|       425|       441|       248|     95959|     64290|     63601|     63849|
|       435|       441|       213|     96207|     48049|     47395|     47608|
|       399|       443|       389|     96420|    154191|    153359|    153748|
|       357|       444|       345|     96809|    122636|    121847|    122192|
|       356|       445|       329|     97154|    113205|    112431|    112760|
|       366|       445|       320|     97483|    104764|    103999|    104319|
|       387|       445|        11|     97803|       465|         9|        20|
|       358|       447|        94|     97814|      9535|      8994|      9088|
|       420|       447|       281|     97908|     80984|     80256|     80537|
|       394|       449|       111|     98189|     12933|     12373|     12484|
|       409|       450|       153|     98300|     26008|     25405|     25558|
|       440|       450|       205|     98453|     44911|     44256|     44461|
|       397|       453|       220|     98658|     50220|     49547|     49767|
|       442|       453|       377|     98878|    145791|    144961|    145338|
|       396|       454|       250|     99255|     65788|     65084|     65334|
|       429|       454|       494|     99505|    235168|    234220|    234714|
|       389|       455|       334|     99999|    116516|    115727|    116061|
|       374|       456|       208|    100333|     46151|     45487|     45695|
|       368|       457|       210|    100541|     46569|     45902|     46112|
|       406|       459|       127|    100751|     18094|     17508|     17635|
|       375|       460|       283|    100878|     81829|     81086|     81369|
|       380|       463|       479|    101161|    224955|    224013|    224492|
|       377|       464|       365|    101640|    135765|    134936|    135301|
|       422|       464|       208|    102005|     46359|     45687|     45895|
|       456|       464|       453|    102213|    206745|    205828|    206281|
|       381|       465|       114|    102666|     13381|     12802|     12916|
|       433|       465|       129|    102780|     18993|     18399|     18528|
|       438|       465|       132|    102909|     19909|     19312|     19444|
|       450|       465|       305|    103041|     95746|     94976|     95281|
|       395|       467|       374|    103346|    144286|    143445|    143819|
|       466|       468|       200|    103720|     43286|     42618|     42818|
|       384|       471|       417|    103920|    176398|    175510|    175927|
|       471|       471|       292|    104337|     85285|     84522|     84814|
|       405|       475|       177|    104629|     34306|     33654|     33831|
|       449|       476|        19|    104806|       555|        60|        79|
|       416|       479|       147|    104825|     24511|     23885|     24032|
|       408|       481|       378|    104972|    147678|    146819|    147197|
|       445|       481|       105|    105350|     11951|     11365|     11470|
|       386|       482|        16|    105455|       503|         5|        21|
|       391|       484|       146|    105471|     24217|     23587|     23733|
|       426|       485|       434|    105617|    193410|    192491|    192925|
|       454|       485|       124|    106051|     16711|     16102|     16226|
|       390|       486|        51|    106175|      2851|      2314|      2365|
|       412|       487|        87|    106226|      8184|      7610|      7697|
|       431|       487|       360|    106313|    133226|    132379|    132739|
|       393|       488|        42|    106673|      2005|      1475|      1517|
|       418|       488|       388|    106715|    153802|    152926|    153314|
|       423|       488|       336|    107103|    117857|    117033|    117369|
|       458|       488|       265|    107439|     71996|     71243|     71508|
|       424|       489|        84|    107704|      7501|      6928|      7012|
|       430|       489|       326|    107788|    109932|    109117|    109443|
|       480|       489|       351|    108114|    126814|    125974|    126325|
|       482|       489|       362|    108465|    134671|    133820|    134182|
|       483|       490|        54|    108827|      3115|      2571|      2625|
|       414|       491|        12|    108881|       515|        12|        24|
|       421|       491|       276|    108893|     78759|     77992|     78268|
|       493|       492|       233|    109169|     56336|     55611|     55844|
|       407|       494|        14|    109402|       536|        28|        42|
|       452|       494|        28|    109416|       985|       463|       491|
|       486|       495|       254|    109444|     66545|     65796|     66050|
|       441|       497|       421|    109698|    181430|    180512|    180933|
|       453|       499|       400|    110119|    161661|    160762|    161162|
|       464|       501|       109|    110519|     12274|     11664|     11773|
|       427|       502|       203|    110628|     44297|     43592|     43795|
|       417|       503|       121|    110831|     15609|     14985|     15106|
|       461|       504|       101|    110952|     10717|     10112|     10213|
|       484|       505|       210|    111053|     46779|     46064|     46274|
|       492|       506|       132|    111263|     20041|     19403|     19535|
|       428|       507|       144|    111395|     23349|     22698|     22842|
|       434|       508|       410|    111539|    170598|    169680|    170090|
|       436|       508|       414|    111949|    173488|    172566|    172980|
|       437|       509|       175|    112363|     33072|     32388|     32563|
|       439|       509|        88|    112538|      8446|      7849|      7937|
|       478|       510|       366|    112626|    136131|    135255|    135621|
|       490|       513|       419|    112992|    178071|    177139|    177558|
|       419|       514|       326|    113411|    110258|    109418|    109744|
|       444|       514|       380|    113737|    149575|    148681|    149061|
|       447|       514|       491|    114117|    233689|    232684|    233175|
|       473|       515|         7|    114608|       522|         0|         7|
|       495|       515|       419|    114615|    178490|    177556|    177975|
|       470|       518|       398|    115034|    160062|    159146|    159544|
|       479|       518|       394|    115432|    159267|    158355|    158749|
|       508|       521|       110|    115826|     12602|     11971|     12081|
|       477|       522|       141|    115936|     22633|     21970|     22111|
|       455|       523|       153|    116077|     26161|     25485|     25638|
|       515|       525|       126|    116230|     17714|     17063|     17189|
|       451|       526|       195|    116356|     41705|     40984|     41179|
|       497|       526|       459|    116551|    211315|    210330|    210789|
|       504|       527|       483|    117010|    227845|    226835|    227318|
|       465|       528|       392|    117493|    158873|    157953|    158345|
|       462|       530|        71|    117885|      5197|      4596|      4667|
|       519|       530|       438|    117956|    196029|    195061|    195499|
|       523|       530|        77|    118394|      6367|      5760|      5837|
|       511|       531|       212|    118471|     47624|     46881|     47093|
|       468|       532|       158|    118683|     27719|     27029|     27187|
|       472|       532|       351|    118841|    127165|    126282|    126633|
|       512|       532|       272|    119192|     76295|     75491|     75763|
|       499|       534|        46|    119464|      2362|      1782|      1828|
|       500|       534|        88|    119510|      8534|      7912|      8000|
|       460|       535|       120|    119598|     15248|     14593|     14713|
|       524|       536|       335|    119718|    117185|    116314|    116649|
|       443|       537|       196|    120053|     42096|     41363|     41559|
|       513|       537|       317|    120249|    103487|    102633|    102950|
|       448|       539|       246|    120566|     63055|     62270|     62516|
|       459|       539|        11|    120812|       575|        25|        36|
|       530|       539|       104|    120823|     11742|     11099|     11203|
|       446|       541|       107|    120927|     12165|     11517|     11624|
|       538|       541|       454|    121034|    207199|    206204|    206658|
|       457|       543|       144|    121488|     23493|     22806|     22950|
|       485|       543|       120|    121632|     15368|     14705|     14825|
|       496|       545|       125|    121752|     17085|     16415|     16540|
|       501|       545|       436|    121877|    194717|    193736|    194172|
|       463|       546|        74|    122313|      5917|      5297|      5371|
|       476|       546|       377|    122387|    146168|    145245|    145622|
|       481|       547|       327|    122764|    111564|    110690|    111017|
|       522|       547|        68|    123091|      4575|      3960|      4028|
|       541|       548|       150|    123159|     25553|     24855|     25005|
|       487|       549|       416|    123309|    174732|    173767|    174183|
|       475|       551|         9|    123725|       564|         4|        13|
|       520|       551|       481|    123734|    226879|    225847|    226328|
|       535|       554|        18|    124215|       593|        21|        39|
|       474|       555|       427|    124233|    186952|    185970|    186397|
|       514|       557|       245|    124660|     62072|     61270|     61515|
|       517|       557|       103|    124905|     11638|     10978|     11081|
|       467|       558|       295|    125008|     87637|     86784|     87079|
|       488|       558|       474|    125303|    220655|    219623|    220097|
|       489|       562|       111|    125777|     13044|     12371|     12482|
|       521|       562|       389|    125888|    154580|    153629|    154018|
|       505|       564|       416|    126277|    175148|    174168|    174584|
|       516|       564|       223|    126693|     51548|     50761|     50984|
|       469|       565|        42|    126916|      2047|      1440|      1482|
|       509|       566|       477|    126958|    221607|    220564|    221041|
|       556|       569|       100|    127435|     10415|      9746|      9846|
|       503|       572|       302|    127535|     92714|     91840|     92142|
|       539|       572|       178|    127837|     34839|     34089|     34267|
|       568|       572|       312|    128015|    101910|    101026|    101338|
|       527|       576|       238|    128327|     58924|     58110|     58348|
|       542|       577|       281|    128565|     81265|     80407|     80688|
|       507|       578|       422|    128846|    182274|    181274|    181696|
|       558|       578|       425|    129268|    183970|    182967|    183392|
|       565|       578|       266|    129693|     72792|     71948|     72214|
|       546|       580|       442|    129959|    197787|    196765|    197207|
|       494|       581|       302|    130401|     93016|     92133|     92435|
|       544|       581|        49|    130703|      2599|      1969|      2018|
|       575|       583|       180|    130752|     35378|     34615|     34795|
|       525|       584|        28|    130932|      1116|       504|       532|
|       510|       585|        25|    130960|       706|        96|       121|
|       502|       586|       143|    130985|     23061|     22332|     22475|
|       587|       586|        54|    131128|      3169|      2529|      2583|
|       491|       588|       302|    131182|     93318|     92428|     92730|
|       498|       591|        91|    131484|      9072|      8390|      8481|
|       557|       592|       234|    131575|     56803|     55977|     56211|
|       554|       593|       281|    131809|     81546|     80672|     80953|
|       553|       595|         4|    132090|       625|        26|        30|
|       506|       597|       306|    132094|     97579|     96676|     96982|
|       569|       598|       377|    132400|    146545|    145570|    145947|
|       532|       600|       323|    132777|    107657|    106734|    107057|
|       534|       601|       234|    133100|     57037|     56202|     56436|
|       518|       607|        67|    133334|      4305|      3631|      3698|
|       533|       607|       412|    133401|    171421|    170402|    170814|
|       578|       607|       222|    133813|     51103|     50274|     50496|
|       526|       608|       320|    134035|    105084|    104156|    104476|
|       548|       609|       420|    134355|    179748|    178719|    179139|
|       566|       610|       376|    134775|    144662|    143676|    144052|
|       545|       611|       355|    135151|    129644|    128678|    129033|
|       547|       611|       309|    135506|    100047|     99127|     99436|
|       599|       611|       417|    135815|    176815|    175787|    176204|
|       593|       612|       172|    136232|     32028|     31244|     31416|
|       528|       613|       446|    136404|    200008|    198949|    199395|
|       536|       615|       162|    136850|     28683|     27906|     28068|
|       591|       615|         3|    137012|       621|         3|         6|
|       537|       616|       466|    137015|    215945|    214863|    215329|
|       564|       617|       191|    137481|     40933|     40125|     40316|
|       531|       621|       157|    137672|     27561|     26783|     26940|
|       549|       621|         8|    137829|       640|        11|        19|
|       560|       621|       166|    137837|     30169|     29382|     29548|
|       584|       622|         7|    138003|       632|         3|        10|
|       529|       625|       438|    138010|    196467|    195404|    195842|
|       540|       626|        27|    138448|       806|       153|       180|
|       572|       627|        19|    138475|       659|        13|        32|
|       579|       627|       236|    138494|     58212|     57349|     57585|
|       561|       630|        22|    138730|       681|        29|        51|
|       576|       632|       499|    138752|    242608|    241477|    241976|
|       550|       634|       432|    139251|    191676|    190610|    191042|
|       627|       635|       413|    139683|    171834|    170786|    171199|
|       597|       636|       419|    140096|    178909|    177854|    178273|
|       630|       636|       171|    140515|     31685|     30878|     31049|
|       586|       637|       289|    140686|     84412|     83486|     83775|
|       610|       637|       274|    140975|     77934|     77023|     77297|
|       617|       637|       126|    141249|     17840|     17077|     17203|
|       551|       638|       132|    141375|     20173|     19403|     19535|
|       588|       638|       176|    141507|     33599|     32785|     32961|
|       615|       638|        34|    141683|      1517|       845|       879|
|       562|       639|       493|    141717|    234674|    233542|    234035|
|       552|       640|       448|    142210|    202692|    201604|    202052|
|       595|       640|       372|    142658|    142047|    141035|    141407|
|       543|       641|       187|    143030|     38854|     38026|     38213|
|       555|       641|       329|    143217|    113534|    112564|    112893|
|       563|       641|       353|    143546|    127871|    126877|    127230|
|       571|       641|        72|    143899|      5553|      4840|      4912|
|       633|       641|       448|    143971|    203140|    202051|    202499|
|       577|       643|        78|    144419|      6445|      5724|      5802|
|       611|       643|        25|    144497|       744|        76|       101|
|       629|       643|        31|    144522|      1356|       682|       713|
|       589|       644|       200|    144553|     43486|     42642|     42842|
|       605|       644|       336|    144753|    118193|    117213|    117549|
|       559|       645|        83|    145089|      7333|      6605|      6688|
|       585|       645|       215|    145172|     48905|     48045|     48260|
|       590|       645|       372|    145387|    142419|    141402|    141774|
|       570|       646|       492|    145759|    234181|    233043|    233535|
|       602|       646|       102|    146251|     11123|     10375|     10477|
|       638|       646|       460|    146353|    212234|    211128|    211588|
|       650|       649|       341|    146813|    120572|    119582|    119923|
|       567|       650|       130|    147154|     19123|     18343|     18473|
|       573|       650|        46|    147284|      2408|      1712|      1758|
|       574|       651|       469|    147330|    217351|    216231|    216700|
|       619|       653|       213|    147799|     48262|     47396|     47609|
|       583|       654|       272|    148012|     76567|     75641|     75913|
|       645|       655|       165|    148284|     29176|     28356|     28521|
|       580|       660|       132|    148449|     20305|     19513|     19645|
|       604|       661|       269|    148581|     74400|     73470|     73739|
|       582|       662|       366|    148850|    136497|    135469|    135835|
|       655|       662|       369|    149216|    137600|    136569|    136938|
|       613|       663|        85|    149585|      7670|      6922|      7007|
|       581|       664|       101|    149670|     10818|     10053|     10154|
|       621|       666|       369|    149771|    137969|    136934|    137303|
|       614|       668|       149|    150140|     24955|     24138|     24287|
|       622|       668|       187|    150289|     39041|     38186|     38373|
|       628|       669|        91|    150476|      9163|      8403|      8494|
|       592|       670|       358|    150567|    131429|    130401|    130759|
|       609|       670|       371|    150925|    140190|    139149|    139520|
|       603|       671|       186|    151296|     38295|     37438|     37624|
|       656|       674|        79|    151482|      6680|      5927|      6006|
|       666|       674|       156|    151561|     27090|     26260|     26416|
|       646|       675|       118|    151717|     14889|     14096|     14214|
|       654|       675|        97|    151835|      9824|      9052|      9149|
|       624|       677|       271|    151932|     75751|     74803|     75074|
|       682|       681|       457|    152203|    209023|    207885|    208342|
|       648|       682|        67|    152660|      4372|      3623|      3690|
|       616|       683|       225|    152727|     52892|     51984|     52209|
|       612|       684|       358|    152952|    131787|    130745|    131103|
|       634|       684|       149|    153310|     25104|     24271|     24420|
|       600|       685|       179|    153459|     35018|     34154|     34333|
|       598|       686|        54|    153638|      3223|      2483|      2537|
|       608|       687|       409|    153692|    168550|    167454|    167863|
|       594|       691|       456|    154101|    208566|    207419|    207875|
|       680|       691|       404|    154557|    164078|    162983|    163387|
|       674|       692|       171|    154961|     31856|     30993|     31164|
|       596|       693|        29|    155132|      1145|       423|       452|
|       677|       693|       350|    155161|    125412|    124369|    124719|
|       607|       694|       390|    155511|    157307|    156223|    156613|
|       637|       696|       377|    155901|    146922|    145849|    146226|
|       601|       697|        13|    156278|       719|         9|        22|
|       667|       697|       499|    156291|    243107|    241911|    242410|
|       643|       698|       181|    156790|     36279|     35400|     35581|
|       644|       698|       236|    156971|     58448|     57514|     57750|
|       606|       699|       425|    157207|    184395|    183271|    183696|
|       632|       699|       471|    157632|    219233|    218063|    218534|
|       659|       699|        32|    158103|      1450|       719|       751|
|       664|       699|        71|    158135|      5268|      4498|      4569|
|       702|       702|       120|    158206|     15488|     14666|     14786|
|       618|       704|       130|    158326|     19253|     18419|     18549|
|       640|       705|       321|    158456|    106367|    105341|    105662|
|       700|       705|       100|    158777|     10515|      9710|      9810|
|       626|       707|       354|    158877|    128225|    127164|    127518|
|       636|       707|       496|    159231|    240119|    238916|    239412|
|       678|       708|        87|    159727|      8271|      7476|      7563|
|       703|       708|       265|    159814|     72261|     71288|     71553|
|       635|       709|       110|    160079|     12712|     11893|     12003|
|       705|       710|       285|    160189|     82683|     81688|     81973|
|       620|       711|       188|    160474|     39792|     38893|     39081|
|       692|       713|        75|    160662|      6215|      5427|      5502|
|       625|       714|       354|    160737|    128579|    127511|    127865|
|       660|       714|        86|    161091|      8011|      7211|      7297|
|       698|       714|       487|    161177|    230756|    229555|    230042|
|       699|       714|       288|    161664|     83545|     82543|     82831|
|       658|       715|       414|    161952|    173902|    172773|    173187|
|       663|       715|       243|    162366|     61094|     60136|     60379|
|       651|       716|       115|    162609|     13839|     13008|     13123|
|       623|       719|       256|    162724|     67820|     66845|     67101|
|       631|       720|       249|    162980|     64539|     63570|     63819|
|       653|       720|       219|    163229|     49560|     48621|     48840|
|       662|       721|       462|    163448|    213157|    211974|    212436|
|       686|       721|       259|    163910|     69110|     68130|     68389|
|       689|       722|       227|    164169|     53570|     52621|     52848|
|       642|       723|       376|    164396|    145038|    143939|    144315|
|       717|       723|       459|    164772|    211774|    210592|    211051|
|       681|       725|       153|    165231|     26314|     25436|     25589|
|       652|       728|       186|    165384|     38481|     37567|     37753|
|       639|       729|        74|    165570|      5991|      5188|      5262|
|       673|       730|       425|    165644|    184820|    183665|    184090|
|       726|       731|       416|    166069|    175564|    174417|    174833|
|       694|       732|         8|    166485|       752|        12|        20|
|       690|       734|       104|    166493|     11846|     11008|     11112|
|       716|       734|       389|    166597|    154969|    153846|    154235|
|       720|       734|       135|    166986|     21239|     20370|     20505|
|       649|       735|       302|    167121|     93620|     92583|     92885|
|       647|       736|       154|    167423|     26468|     25578|     25732|
|       695|       736|       239|    167577|     59163|     58188|     58427|
|       685|       737|        81|    167816|      6921|      6103|      6184|
|       734|       737|       339|    167897|    118870|    117794|    118133|
|       641|       739|       144|    168236|     23637|     22754|     22898|
|       670|       740|       242|    168380|     60851|     59869|     60111|
|       676|       742|       220|    168622|     50440|     49478|     49698|
|       672|       743|        79|    168842|      6759|      5937|      6016|
|       683|       743|       167|    168921|     30503|     29593|     29760|
|       724|       743|       274|    169088|     78208|     77191|     77465|
|       657|       745|       169|    169362|     31006|     30092|     30261|
|       711|       748|       458|    169531|    209938|    208732|    209190|
|       722|       748|       364|    169989|    135035|    133923|    134287|
|       738|       748|       302|    170353|     93922|     92872|     93174|
|       687|       749|       334|    170655|    116850|    115767|    116101|
|       709|       749|       255|    170989|     67308|     66304|     66559|
|       669|       750|        84|    171244|      7585|      6751|      6835|
|       730|       750|        34|    171328|      1551|       767|       801|
|       707|       751|       497|    171362|    241113|    239865|    240362|
|       737|       751|       147|    171859|     24658|     23760|     23907|
|       749|       751|       447|    172006|    200902|    199704|    200151|
|       661|       754|        85|    172453|      7755|      6916|      7001|
|       665|       754|       303|    172538|     94528|     93471|     93774|
|       706|       755|       373|    172841|    143538|    142410|    142783|
|       679|       756|       165|    173214|     29341|     28420|     28585|
|       675|       759|       494|    173379|    235662|    234409|    234903|
|       733|       759|       497|    173873|    241610|    240354|    240851|
|       696|       761|       389|    174370|    155358|    154208|    154597|
|       710|       761|       245|    174759|     62317|     61311|     61556|
|       668|       762|       312|    175004|    102222|    101148|    101460|
|       731|       762|       301|    175316|     92110|     91047|     91348|
|       671|       763|        71|    175617|      5339|      4505|      4576|
|       721|       763|       350|    175688|    125762|    124649|    124999|
|       753|       763|       389|    176038|    155747|    154595|    154984|
|       740|       764|       298|    176427|     90013|     88951|     89249|
|       735|       766|       263|    176725|     71202|     70173|     70436|
|       754|       769|       114|    176988|     13495|     12612|     12726|
|       760|       770|       121|    177102|     15730|     14839|     14960|
|       714|       771|       123|    177223|     16463|     15569|     15692|
|       704|       773|       233|    177346|     56569|     55563|     55796|
|       739|       773|        63|    177579|      3980|      3144|      3207|
|       691|       774|       244|    177642|     61582|     60564|     60808|
|       758|       774|       419|    177886|    179328|    178135|    178554|
|       713|       775|       402|    178305|    162063|    160886|    161288|
|       764|       775|       164|    178707|     29011|     28072|     28236|
|       761|       776|       344|    178871|    121602|    120482|    120826|
|       688|       777|       347|    179215|    125062|    123938|    124285|
|       728|       777|       226|    179562|     53343|     52340|     52566|
|       752|       777|       181|    179788|     36460|     35502|     35683|
|       773|       778|       447|    179969|    201349|    200124|    200571|
|       718|       779|       259|    180416|     69369|     68331|     68590|
|       708|       781|       235|    180675|     57740|     56724|     56959|
|       684|       782|       114|    180910|     13609|     12713|     12827|
|       697|       782|       174|    181024|     32723|     31767|     31941|
|       693|       787|       204|    181198|     44501|     43510|     43714|
|       786|       787|       155|    181402|     26623|     25681|     25836|
|       762|       788|       437|    181557|    195591|    194366|    194803|
|       732|       789|       293|    181994|     86163|     85081|     85374|
|       744|       789|       404|    182287|    164482|    163289|    163693|
|       701|       791|       111|    182691|     13155|     12253|     12364|
|       784|       792|        40|    182802|      1921|      1089|      1129|
|       783|       793|       376|    182842|    145414|    144245|    144621|
|       715|       794|       428|    183218|    188235|    187013|    187441|
|       736|       794|       296|    183646|     88525|     87435|     87731|
|       759|       794|       331|    183942|    114854|    113729|    114060|
|       742|       795|       130|    184273|     19383|     18458|     18588|
|       723|       796|       177|    184403|     34483|     33510|     33687|
|       725|       799|       256|    184580|     68076|     67021|     67277|
|       729|       801|       328|    184836|    112547|    111418|    111746|
|       774|       802|       124|    185164|     16835|     15909|     16033|
|       719|       803|       276|    185288|     79035|     77956|     78232|
|       790|       804|       269|    185564|     74669|     73596|     73865|
|       788|       805|       227|    185833|     53797|     52765|     52992|
|       770|       807|       145|    186060|     24071|     23119|     23264|
|       712|       809|       381|    186205|    150336|    149146|    149527|
|       769|       809|       356|    186586|    130000|    128835|    129191|
|       777|       809|       314|    186942|    102536|    101413|    101727|
|       747|       810|       276|    187256|     79311|     78225|     78501|
|       763|       810|       366|    187532|    136863|    135687|    136053|
|       800|       810|       413|    187898|    172247|    171024|    171437|
|       767|       811|       322|    188311|    107011|    105878|    106200|
|       727|       812|       169|    188633|     31175|     30194|     30363|
|       751|       813|        62|    188802|      3917|      3042|      3104|
|       765|       817|         6|    188864|       840|        17|        23|
|       817|       817|        31|    188870|      1387|       539|       570|
|       748|       818|       371|    188901|    140561|    139372|    139743|
|       772|       818|       433|    189272|    192109|    190858|    191291|
|       798|       819|       195|    189705|     41900|     40886|     41081|
|       792|       820|       408|    189900|    167732|    166504|    166912|
|       768|       821|       109|    190308|     12383|     11453|     11562|
|       771|       821|       109|    190417|     12492|     11562|     11671|
|       797|       824|        88|    190526|      8622|      7710|      7798|
|       814|       825|       176|    190614|     33775|     32774|     32950|
|       794|       827|       180|    190790|     35558|     34551|     34731|
|       824|       829|       160|    190970|     28038|     27049|     27209|
|       789|       830|        13|    191130|       861|        18|        31|
|       745|       832|       266|    191143|     73058|     71960|     72226|
|       791|       832|        31|    191409|      1418|       555|       586|
|       757|       833|       167|    191440|     30670|     29670|     29837|
|       780|       833|       122|    191607|     16340|     15385|     15507|
|       829|       833|       344|    191729|    121946|    120769|    121113|
|       815|       834|        78|    192073|      6523|      5611|      5689|
|       746|       835|       379|    192151|    148435|    147221|    147600|
|       796|       836|         8|    192530|       848|         4|        12|
|       801|       836|       484|    192538|    228329|    227009|    227493|
|       812|       836|        58|    193022|      3613|      2719|      2777|
|       806|       838|       224|    193080|     52443|     51381|     51605|
|       816|       838|        34|    193304|      1585|       713|       747|
|       741|       839|       495|    193338|    237641|    236307|    236802|
|       743|       840|       180|    193833|     35738|     34718|     34898|
|       750|       840|       191|    194013|     41124|     40093|     40284|
|       778|       841|       198|    194204|     42688|     41649|     41847|
|       819|       841|       495|    194402|    238136|    236800|    237295|
|       820|       842|       307|    194897|     98193|     97044|     97351|
|       782|       846|       356|    195204|    130356|    129154|    129510|
|       779|       848|       299|    195560|     91209|     90062|     90361|
|       755|       849|       468|    195859|    216413|    215096|    215564|
|       756|       849|       426|    196327|    185672|    184397|    184823|
|       795|       849|        50|    196753|      2699|      1800|      1850|
|       793|       851|        89|    196803|      8800|      7860|      7949|
|       818|       851|       384|    196892|    152255|    151020|    151404|
|       845|       851|       292|    197276|     85577|     84434|     84726|
|       847|       851|        37|    197568|      1729|       841|       878|
|       813|       853|       413|    197605|    172660|    171394|    171807|
|       837|       854|       426|    198018|    186098|    184818|    185244|
|       766|       855|       478|    198444|    223040|    221707|    222185|
|       776|       855|       404|    198922|    164886|    163627|    164031|
|       805|       855|       167|    199326|     30837|     29815|     29982|
|       841|       855|       449|    199493|    204487|    203183|    203632|
|       840|       856|       127|    199942|     18221|     17238|     17365|
|       852|       857|        20|    200069|       881|         4|        24|
|       775|       859|       411|    200089|    171009|    169739|    170150|
|       807|       860|        68|    200500|      4643|      3715|      3783|
|       821|       864|       484|    200568|    228813|    227465|    227949|
|       825|       864|       115|    201052|     13954|     12975|     13090|
|       787|       865|       101|    201167|     10919|      9953|     10054|
|       854|       865|        13|    201268|       920|        42|        55|
|       785|       866|       329|    201281|    113863|    112668|    112997|
|       858|       868|        72|    201610|      5625|      4685|      4757|
|       811|       869|       443|    201682|    198673|    197361|    197804|
|       809|       870|       165|    202125|     29506|     28471|     28636|
|       810|       871|       231|    202290|     55174|     54072|     54303|
|       831|       873|       407|    202521|    166916|    165636|    166043|
|       866|       873|       380|    202928|    149955|    148702|    149082|
|       781|       874|       486|    203308|    230269|    228909|    229395|
|       826|       876|         9|    203794|       898|        13|        22|
|       857|       876|       387|    203803|    153414|    152151|    152538|
|       799|       877|         8|    204190|       889|         4|        12|
|       804|       879|        54|    204198|      3277|      2344|      2398|
|       832|       879|       115|    204252|     14069|     13075|     13190|
|       848|       879|       139|    204367|     21789|     20771|     20910|
|       861|       879|       165|    204506|     29671|     28627|     28792|
|       849|       881|       305|    204671|     96051|     94865|     95170|
|       828|       882|       327|    204976|    111891|    110682|    111009|
|       808|       883|        37|    205303|      1766|       846|       883|
|       822|       885|       438|    205340|    196905|    195582|    196020|
|       863|       885|       406|    205778|    166102|    164811|    165217|
|       867|       885|       331|    206184|    115185|    113969|    114300|
|       885|       889|         9|    206515|       907|         9|        18|
|       803|       891|        33|    206524|      1483|       559|       592|
|       823|       891|       182|    206557|     36824|     35751|     35933|
|       843|       891|       330|    206739|    114523|    113302|    113632|
|       851|       893|       276|    207069|     79587|     78418|     78694|
|       883|       895|       447|    207345|    201796|    200454|    200901|
|       802|       898|        98|    207792|     10117|      9121|      9219|
|       839|       898|       462|    207890|    213619|    212259|    212721|
|       844|       898|       117|    208352|     14302|     13287|     13404|
|       889|       901|       304|    208469|     95136|     93931|     94235|
|       862|       902|       420|    208773|    180168|    178846|    179266|
|       890|       903|        85|    209193|      7840|      6852|      6937|
|       884|       904|       246|    209278|     63301|     62151|     62397|
|       904|       907|       309|    209524|    100356|     99140|     99449|
|       827|       909|       311|    209833|    101598|    100378|    100689|
|       869|       909|       175|    210144|     33247|     32163|     32338|
|       910|       911|       110|    210319|     12822|     11801|     11911|
|       860|       912|       155|    210429|     26778|     25711|     25866|
|       876|       912|       132|    210584|     20437|     19393|     19525|
|       835|       913|       254|    210716|     66799|     65632|     65886|
|       875|       913|       350|    210970|    126112|    124849|    125199|
|       868|       915|       234|    211320|     57271|     56122|     56356|
|       859|       916|       338|    211554|    118531|    117277|    117615|
|       879|       916|        43|    211892|      2090|      1131|      1174|
|       865|       917|       414|    211935|    174316|    172985|    173399|
|       915|       918|       161|    212349|     28521|     27442|     27603|
|       838|       919|        67|    212510|      4439|      3453|      3520|
|       872|       919|       239|    212577|     59402|     58244|     58483|
|       912|       919|       402|    212816|    162465|    161144|    161546|
|       880|       920|       403|    213218|    163271|    161948|    162351|
|       898|       921|         9|    213621|       957|        27|        36|
|       830|       922|       132|    213630|     20569|     19515|     19647|
|       856|       922|       140|    213762|     22069|     21007|     21147|
|       842|       924|       485|    213902|    229298|    227889|    228374|
|       850|       924|       489|    214387|    232708|    231295|    231784|
|       893|       924|       196|    214876|     42292|     41172|     41368|
|       833|       925|       325|    215072|    108955|    107705|    108030|
|       871|       925|        72|    215397|      5697|      4700|      4772|
|       836|       926|       361|    215469|    133947|    132660|    133021|
|       908|       926|       144|    215830|     23781|     22711|     22855|
|       888|       928|        97|    215974|      9921|      8896|      8993|
|       834|       929|       325|    216071|    109280|    108026|    108351|
|       896|       929|        36|    216396|      1692|       727|       763|
|       853|       932|       220|    216432|     50660|     49508|     49728|
|       906|       934|       174|    216652|     32897|     31789|     31963|
|       909|       934|       202|    216826|     43688|     42552|     42754|
|       922|       934|       418|    217028|    177233|    175881|    176299|
|       886|       935|       148|    217446|     24806|     23723|     23871|
|       870|       936|       320|    217594|    105404|    104148|    104468|
|       900|       937|        74|    217914|      6065|      5054|      5128|
|       855|       940|       265|    217988|     72526|     71321|     71586|
|       882|       940|       119|    218253|     15008|     13949|     14068|
|       935|       942|       241|    218372|     59883|     58700|     58941|
|       846|       943|       423|    218613|    182697|    181331|    181754|
|       901|       944|       182|    219036|     37006|     35880|     36062|
|       881|       947|       210|    219218|     46989|     45832|     46042|
|       907|       947|       206|    219428|     45735|     44582|     44788|
|       873|       948|       495|    219634|    238631|    237188|    237683|
|       940|       948|       199|    220129|     42887|     41740|     41939|
|       916|       949|       369|    220328|    138338|    137020|    137389|
|       925|       949|       409|    220697|    168959|    167601|    168010|
|       937|       949|       477|    221106|    222084|    220658|    221135|
|       934|       950|       180|    221583|     35918|     34788|     34968|
|       877|       951|       128|    221763|     18477|     17398|     17526|
|       918|       951|        50|    221891|      2749|      1748|      1798|
|       903|       957|        53|    221941|      3008|      1998|      2051|
|       932|       957|       191|    221994|     41315|     40167|     40358|
|       897|       958|       494|    222185|    236156|    234704|    235198|
|       902|       958|        46|    222679|      2454|      1450|      1496|
|       864|       959|       399|    222725|    160461|    159103|    159502|
|       887|       960|       299|    223124|     91508|     90249|     90548|
|       961|       961|       470|    223423|    218291|    216860|    217330|
|       963|       962|        85|    223893|      7925|      6878|      6963|
|       911|       964|       232|    223978|     55870|     54674|     54906|
|       945|       965|       433|    224210|    192542|    191144|    191577|
|       952|       965|       403|    224643|    163674|    162306|    162709|
|       962|       965|       199|    225046|     43086|     41922|     42121|
|       874|       966|        71|    225245|      5410|      4373|      4444|
|       928|       970|       134|    225316|     20970|     19866|     20000|
|       944|       970|        20|    225450|      1008|        18|        38|
|       955|       971|       182|    225470|     37188|     36035|     36217|
|       920|       973|         3|    225652|       988|        12|        15|
|       943|       973|       326|    225655|    110584|    109285|    109611|
|       956|       973|       234|    225981|     57505|     56298|     56532|
|       891|       974|        91|    226215|      9254|      8189|      8280|
|       892|       974|       117|    226306|     14419|     13328|     13445|
|       930|       974|       478|    226423|    223518|    222066|    222544|
|       878|       976|        29|    226901|      1174|       169|       198|
|       919|       977|        68|    226930|      4711|      3666|      3734|
|       895|       978|       332|    226998|    115849|    114539|    114871|
|       964|       981|        68|    227330|      4779|      3730|      3798|
|       942|       982|        39|    227398|      1881|       860|       899|
|       965|       982|       404|    227437|    165290|    163904|    164308|
|       894|       985|       427|    227841|    187379|    185967|    186394|
|       931|       987|       326|    228268|    110910|    109597|    109923|
|       927|       988|       294|    228594|     86457|     85175|     85469|
|       905|       989|        63|    228888|      4043|      2991|      3054|
|       980|       989|       488|    228951|    232219|    230742|    231230|
|       936|       990|       249|    229439|     64788|     63549|     63798|
|       917|       991|        78|    229688|      6601|      5532|      5610|
|       958|       991|       420|    229766|    180588|    179177|    179597|
|       971|       992|       212|    230186|     47836|     46632|     46844|
|       899|       993|       186|    230398|     38667|     37488|     37674|
|       939|       996|       431|    230584|    190812|    189385|    189816|
|       924|       997|       268|    231015|     73862|     72597|     72865|
|       968|       997|       254|    231283|     67053|     65802|     66056|
|       926|       999|       487|    231537|    231243|    229757|    230244|
|       929|      1000|        37|    232024|      1803|       766|       803|
|       923|      1002|       485|    232061|    229783|    228296|    228781|
|       933|      1003|       279|    232546|     80422|     79140|     79419|
|       954|      1003|       428|    232825|    188663|    187232|    187660|
|       996|      1003|       409|    233253|    169368|    167956|    168365|
|       949|      1004|        45|    233662|      2270|      1221|      1266|
|       914|      1005|       305|    233707|     96356|     95046|     95351|
|       913|      1006|        26|    234012|      1034|         2|        28|
|       973|      1007|       149|    234038|     25253|     24097|     24246|
|       989|      1009|         9|    234187|      1043|        25|        34|
|       953|      1010|       184|    234196|     37739|     36545|     36729|
|       921|      1014|       324|    234380|    108305|    106967|    107291|
|       941|      1014|       134|    234704|     21104|     19956|     20090|
|       946|      1014|        25|    234838|      1068|        29|        54|
|       947|      1014|       253|    234863|     66291|     65024|     65277|
|       984|      1015|       225|    235116|     53117|     51877|     52102|
|       959|      1017|       250|    235341|     66038|     64771|     65021|
|       977|      1019|       189|    235591|     39981|     38773|     38962|
|       997|      1019|       371|    235780|    140932|    139542|    139913|
|       992|      1020|       223|    236151|     51771|     50528|     50751|
|       983|      1021|       227|    236374|     54024|     52776|     53003|
|       987|      1021|       457|    236601|    209480|    208002|    208459|
|       960|      1023|       169|    237058|     31344|     30152|     30321|
|       998|      1025|       423|    237227|    183120|    181672|    182095|
|       957|      1026|        87|    237650|      8358|      7245|      7332|
|       999|      1026|       117|    237737|     14536|     13393|     13510|
|       982|      1027|       246|    237854|     63547|     62274|     62520|
|       991|      1027|        86|    238100|      8097|      6984|      7070|
|       993|      1028|        29|    238186|      1203|       146|       175|
|       981|      1031|       305|    238215|     96661|     95325|     95630|
|       986|      1032|       180|    238520|     36098|     34886|     35066|
|       988|      1032|       371|    238700|    141303|    139900|    140271|
|       938|      1034|       360|    239071|    133586|    132192|    132552|
|       951|      1035|       346|    239431|    123674|    122293|    122639|
|       974|      1036|       378|    239777|    148056|    146642|    147020|
|       948|      1037|        71|    240155|      5481|      4373|      4444|
|       950|      1041|       184|    240226|     37923|     36698|     36882|
|       978|      1041|       125|    240410|     17210|     16044|     16169|
|       972|      1043|        82|    240535|      7167|      6042|      6124|
|       975|      1043|       222|    240617|     51325|     50060|     50282|
|       985|      1047|       275|    240839|     78483|     77161|     77436|
|       967|      1049|       117|    241114|     14653|     13487|     13604|
|       969|      1052|        20|    241231|      1088|        16|        36|
|       995|      1055|        53|    241251|      3061|      1953|      2006|
|       976|      1056|        58|    241304|      3671|      2557|      2615|
|      1000|      1057|       340|    241362|    119890|    118493|    118833|
|       970|      1058|       444|    241702|    199117|    197615|    198059|
|       966|      1064|        75|    242146|      6290|      5151|      5226|
|       979|      1069|       187|    242221|     39228|     37972|     38159|
|       994|      1079|       475|    242408|    221130|    219576|    220051|
|       990|      1086|       224|    242883|     52667|     51357|     51581|
